0 0 p2 10 36 15 32 15 36 15 31 11 36 11 28 10 35 10
0 1 p3 10 38 14 35 13 31 10 39 12 25 15 30 13 27 10 28 15
1 2 p5 10 32 13 30 15 29 10 30 11 29 11 28 13 33 14 28 14 38 11 24 15 35 15
2 3 p4 12 36 15 37 14 33 14 32 13 29 12 39 10 29 10
3 4 p2 12 31 13 24 12 31 13 39 14 24 13 39 12 32 10 30 14 30 11
3 5 p3 14 24 10 29 10 37 12 32 14 36 14 33 10 35 11 25 11 31 15
4 6 p2 13 26 12 26 15 27 13 34 12 31 15 33 13 35 12
4 7 p5 11 31 10 30 11 24 13 25 12 37 15 38 12 27 15
4 8 p3 12 30 11 34 10 32 12 29 14 28 14 37 14 32 14 37 14
5 9 p2 14 31 11 31 14 25 15 37 14 31 13 24 11 33 12 27 14 31 15 39 10 31 10
5 10 p3 11 38 10 36 13 35 10 35 12 25 15 34 14 39 11
5 11 p5 12 24 11 30 15 30 10 27 14 37 14 28 11 38 11
6 12 p1 14 35 15 35 14 27 11 33 11 34 13 30 13 39 11 36 11
6 13 p5 15 27 13 32 10 33 12 32 14 34 15 28 12 34 12 25 12
7 14 p2 15 29 15 32 14 27 15 27 14 28 14 32 15 30 12 39 11
7 15 p2 10 38 11 38 10 37 11 37 10 39 12 39 15 35 11 36 11 30 12 33 11
8 16 p4 10 32 14 30 12 27 10 28 14 24 11 36 10 31 13 29 13 32 10
9 17 p3 15 32 15 37 10 38 10 30 11 32 10 24 12 24 10 28 11
9 18 p3 14 34 15 37 10 38 12 25 14 33 11 24 13 26 10 27 11 25 10 24 11
10 19 p5 13 26 12 27 12 26 11 37 11 24 13 28 13 31 15 28 14 25 13
10 20 p5 14 24 15 34 12 33 12 24 11 31 12 37 11 37 10 27 15
10 21 p5 15 30 14 36 10 33 13 36 15 32 14 30 13 32 13
11 22 p4 10 39 11 31 10 32 13 31 12 38 15 26 11 26 11 38 10 39 13 33 11
11 23 p4 11 28 10 38 13 28 13 37 13 26 11 37 15 28 11 24 15 35 13 26 14
11 24 p5 15 30 14 35 12 29 14 38 10 32 15 30 10 36 10 39 11 33 11 32 12
12 25 p2 11 37 11 24 15 26 14 38 12 27 10 34 11 29 10
12 26 p2 13 34 12 34 10 30 10 34 14 37 14 30 10 33 10 33 13 33 15
13 27 p4 13 34 14 39 11 27 13 24 15 39 13 37 15 25 12 35 15 32 14 27 10
13 28 p3 15 34 13 35 11 32 11 32 15 38 10 26 15 26 13 26 15 28 12
14 29 p4 14 28 15 37 12 37 14 33 11 27 14 34 11 26 11
14 30 p3 15 33 15 30 11 37 10 30 12 28 11 28 13 33 13 26 12
14 31 p2 15 34 14 24 12 26 13 27 15 31 14 38 11 27 14 28 10
15 32 p2 11 27 15 35 15 38 10 29 11 27 10 24 11 28 11 38 14 34 12 38 11
15 33 p5 13 24 13 36 14 32 10 36 10 37 13 30 14 28 11
16 34 p5 12 29 15 29 13 24 12 35 15 33 11 38 11 28 14 39 15 28 11
16 35 p4 13 30 10 24 13 26 10 35 14 32 10 27 10 27 11 33 13 33 10 29 10 39 10
16 36 p3 14 28 10 29 14 31 11 30 12 39 12 28 10 29 10 39 12
17 37 p5 15 34 11 30 14 37 10 26 10 34 12 39 15 36 15
18 38 p5 15 32 11 24 10 27 15 39 14 24 13 27 14 29 11 36 11 29 12 31 15 26 14
19 39 p5 15 26 13 37 12 29 12 25 15 27 14 26 13 27 11 36 10 32 10
20 40 p4 11 34 11 31 12 33 10 36 10 25 15 28 15 25 13 26 15 25 10 24 13 24 12
21 41 p3 10 24 12 34 14 27 12 39 12 39 15 35 11 36 13 25 12 31 10
22 42 p4 10 35 11 33 14 30 14 28 12 34 15 38 12 38 10 25 11
23 43 p5 12 37 11 34 13 31 12 29 13 34 10 28 13 25 10
24 44 p3 14 24 11 29 14 31 14 39 12 26 11 33 15 35 14 29 15 26 15
24 45 p1 15 37 14 39 12 24 10 37 13 26 13 33 14 24 14 36 15 31 15 28 11
24 46 p4 13 28 11 29 13 32 12 33 10 25 13 31 12 33 10 30 10 33 10 27 10 29 13
25 47 p3 13 33 12 38 12 31 13 24 11 35 12 25 15 31 15 39 12
25 48 p5 10 25 10 33 11 29 14 31 13 35 11 29 13 33 13
26 49 p5 15 28 12 36 13 25 11 37 14 36 15 38 13 34 13 39 10 36 12
27 50 p3 14 31 14 31 14 38 11 25 15 33 11 39 10 28 11 37 11
27 51 p5 15 26 15 26 15 32 12 34 10 35 11 24 11 27 10 36 10 37 11
27 52 p5 14 33 14 38 12 24 13 27 15 37 11 32 11 24 13 38 12 26 11 26 11 24 12
28 53 p5 15 33 10 37 11 37 12 37 13 33 12 32 11 26 14
28 54 p1 14 27 11 29 11 28 12 29 11 37 13 28 10 32 11 34 10 32 15 33 11 33 15
29 55 p1 11 31 13 32 14 31 15 25 14 39 12 31 14 29 15 30 15
30 56 p5 12 37 15 34 11 24 14 31 11 36 13 37 14 31 11 35 10
30 57 p2 14 39 12 33 14 24 11 39 10 29 10 31 11 30 15
31 58 p4 15 33 13 25 14 31 11 29 15 39 14 39 15 24 14 38 14 34 15 36 12
31 59 p4 14 26 11 31 12 36 15 37 10 29 12 36 15 33 15 25 10 28 14 35 14 34 14
32 60 p5 11 31 13 29 13 24 14 39 14 31 11 38 14 35 12 27 10
32 61 p3 12 36 11 38 15 26 14 33 10 35 11 35 15 29 13
33 62 p4 11 27 15 24 14 27 15 24 10 25 10 26 12 32 13 39 14 24 12 27 15 38 14
34 63 p4 14 32 10 26 10 32 10 31 10 28 11 34 15 27 13
35 64 p5 15 29 12 37 13 28 10 36 12 33 11 32 14 29 12 29 14 24 15 31 10
36 65 p4 13 26 11 32 13 24 13 39 11 38 13 36 13 38 11 26 11 37 10 27 10
37 66 p5 12 39 11 24 11 24 10 38 15 24 14 32 10 27 11 37 10 29 11
38 67 p5 14 36 14 25 15 34 11 30 15 24 14 24 11 35 10 24 14 35 12
39 68 p3 10 38 10 31 11 34 13 27 11 30 13 24 15 38 11 38 12 34 14 28 14
39 69 p3 13 30 10 38 13 37 11 38 10 33 12 36 12 31 15 29 11 34 10 28 12 32 12
39 70 p2 15 36 10 24 12 27 11 36 13 37 14 25 10 24 13 30 13 26 11 37 11
40 71 p5 10 32 11 33 12 34 14 29 14 37 11 34 14 32 12 36 11
40 72 p4 11 34 14 39 14 35 14 38 13 39 14 37 10 38 15 33 11 25 14 32 10 27 12
40 73 p1 11 32 12 26 13 34 11 39 10 35 10 25 12 32 15 28 11 26 14
41 74 p5 15 29 11 38 10 30 15 28 15 30 10 32 14 35 14 27 11 32 10 38 13
41 75 p4 12 30 14 39 13 29 11 35 11 24 14 35 11 27 12 31 13 29 14
41 76 p1 10 32 11 39 13 34 11 36 12 29 10 28 13 39 15 32 10 38 11 36 12
42 77 p5 13 25 14 35 12 31 15 24 10 37 15 33 10 33 14 27 11 34 15 33 14 38 12
42 78 p4 10 27 12 26 10 32 15 37 10 32 13 35 10 28 14 25 10 27 10 28 12
43 79 p3 12 25 15 29 14 36 10 24 12 35 13 38 14 30 14 37 13 27 12
43 80 p4 15 39 13 29 11 33 11 30 11 28 10 32 15 36 11 28 14 32 12
44 81 p5 14 24 13 24 10 32 13 25 12 33 14 35 15 37 13 38 14
44 82 p1 14 37 12 35 13 33 12 34 11 29 11 35 15 36 13 33 12
45 83 p4 12 32 14 27 12 33 10 28 14 24 13 38 15 31 12 36 12 30 14 35 15
46 84 p4 14 27 12 24 13 38 10 26 14 37 15 29 12 32 15 39 12 25 11 38 15 25 10
46 85 p4 15 29 10 35 15 29 13 25 14 38 14 31 10 36 10 29 15 30 14 31 15 37 12
46 86 p2 11 34 14 38 10 38 15 29 13 32 13 28 15 28 11
47 87 p5 12 27 12 25 15 39 15 25 10 34 10 24 12 36 15 37 15 24 15
48 88 p5 10 33 11 26 10 36 12 35 15 31 14 38 15 30 10
49 89 p5 14 38 15 30 10 31 11 24 12 38 10 29 15 33 12 38 11 36 13
49 90 p5 14 38 14 28 15 39 15 27 11 27 15 36 12 29 15 38 12 35 10
49 91 p5 13 38 13 28 14 34 15 24 11 39 15 37 10 36 14
50 92 p5 11 27 14 31 14 35 13 28 12 35 13 34 14 30 14
50 93 p4 11 26 13 35 13 28 13 34 11 32 12 27 13 28 11 30 11 39 12
50 94 p2 14 24 15 35 11 24 13 32 11 38 14 34 12 38 10 34 12 36 13 36 11 29 10
51 95 p2 13 29 12 31 12 38 14 27 10 32 12 35 11 28 15 39 13 27 13 32 15 34 13
51 96 p4 15 33 12 32 12 33 15 25 15 32 15 38 14 24 12 24 13 29 10 33 10
51 97 p4 12 24 14 37 15 24 15 39 11 31 13 37 14 31 15 27 14 39 11 27 14 39 14
52 98 p3 12 31 10 26 11 35 11 34 14 38 12 31 10 38 11 30 13
52 99 p5 14 25 13 39 11 38 13 35 13 30 10 35 12 24 14 32 11
52 100 p2 12 36 14 33 12 37 14 31 13 39 11 34 11 30 14 25 11
53 101 p3 12 30 13 35 11 24 11 39 12 33 14 38 11 26 13 29 15 34 15 38 14
53 102 p5 13 28 15 26 15 36 12 31 13 39 10 36 12 36 13 37 12 38 14 30 12
54 103 p4 12 38 12 32 11 27 14 37 15 24 10 37 13 35 13
55 104 p2 13 30 14 33 12 25 13 36 10 30 11 30 11 26 11 34 13
56 105 p3 13 33 13 39 12 34 11 33 15 25 15 29 14 30 12 31 10 38 10 37 15 30 13
56 106 p2 10 29 13 26 15 37 11 31 14 32 13 39 13 37 13 28 14 38 12 31 11
57 107 p5 14 28 10 26 11 36 11 24 13 34 11 30 13 37 14 33 13
57 108 p3 11 37 14 30 15 28 12 34 14 27 11 36 13 26 12 26 13 24 15 24 13
57 109 p2 10 38 13 36 12 35 12 30 12 36 15 32 10 37 15
58 110 p3 14 38 10 31 15 38 10 37 12 36 13 38 13 34 12 34 14
59 111 p5 13 26 15 31 12 28 10 35 12 25 11 32 13 34 10 26 15 28 13
59 112 p1 10 28 10 33 13 26 10 39 10 37 12 27 14 37 12
60 113 p5 14 38 12 32 14 29 10 33 10 37 13 30 15 37 13 30 13 36 14
60 114 p2 13 26 13 25 12 29 12 26 12 29 13 25 11 32 14 33 15 33 15
60 115 p2 10 29 12 35 13 30 15 24 15 24 13 31 13 39 14 25 13 24 14 39 11 34 14
61 116 p4 11 27 10 25 11 39 15 37 10 27 10 28 11 30 12 39 13 25 12 28 12
61 117 p3 10 38 13 31 13 39 14 39 14 24 10 24 11 25 10 38 14 24 13
62 118 p3 15 30 10 31 14 35 14 31 15 29 14 25 10 32 15 34 13 28 12 38 10
62 119 p5 14 26 11 29 14 36 13 30 11 35 10 31 15 30 13 36 11 36 10
62 120 p5 11 34 15 25 11 25 15 38 14 37 15 37 12 34 11 35 12 37 10
63 121 p5 11 26 15 25 15 29 12 32 12 27 11 39 14 30 13 30 11 25 11 39 11
64 122 p4 11 31 12 27 15 36 14 32 14 37 12 31 14 32 10 25 12 32 15 36 13
64 123 p4 15 34 10 31 11 27 13 29 14 27 11 31 15 24 10 33 13 29 10 37 13
65 124 p5 10 27 15 30 11 25 10 29 11 38 10 24 10 36 13
65 125 p2 13 31 15 33 12 39 12 26 13 34 14 29 15 32 15 39 12 28 11 30 14 27 14
65 126 p2 10 24 12 35 11 33 12 30 13 30 10 36 14 27 11 35 15 25 11
66 127 p4 10 33 15 30 15 28 13 28 14 39 11 31 15 34 12 36 15 28 13 39 13
66 128 p3 12 33 13 28 15 24 13 38 11 25 14 38 14 27 12 31 11
66 129 p4 11 32 15 30 15 30 11 37 11 30 14 27 13 33 15
67 130 p3 10 27 14 29 14 27 11 24 15 34 10 35 12 37 13 31 13
68 131 p2 12 30 14 32 13 36 10 39 10 38 15 39 11 33 13 24 11 26 11
68 132 p2 14 34 13 25 14 35 10 28 11 38 12 38 10 36 10 30 15 33 11 34 13
69 133 p5 10 29 10 36 10 29 15 34 15 32 14 25 10 26 11 26 11 31 13
70 134 p5 11 37 13 35 15 39 11 39 11 26 10 32 10 25 15 25 13 35 15
70 135 p4 10 31 10 25 10 33 15 26 10 32 11 38 11 37 13 39 11 35 14
70 136 p3 10 35 15 31 14 33 11 37 10 24 12 31 11 38 12 36 11 32 10 25 12
71 137 p5 10 39 12 31 15 33 12 24 13 26 13 28 15 36 10 36 10 26 12
71 138 p5 13 37 13 26 10 34 14 37 12 35 11 35 14 37 15 32 13
71 139 p5 10 27 15 24 11 25 13 38 10 27 13 35 11 28 12
72 140 p4 11 39 15 34 11 26 14 25 12 38 12 29 15 31 10
72 141 p3 14 26 11 25 14 33 10 32 13 25 15 24 14 34 12 26 11 39 13 28 10 30 12
72 142 p4 12 28 11 34 10 29 11 34 11 27 13 24 11 39 12 35 12 27 11 30 12 31 11
73 143 p5 10 28 15 30 13 24 10 35 12 32 11 32 13 31 14 34 13 26 15 24 14 27 15
74 144 p3 15 24 15 30 13 39 11 25 11 24 11 34 11 35 14 25 11
75 145 p1 10 24 14 39 15 37 11 32 11 32 11 39 15 38 15 32 13 26 11 26 10 34 13
76 146 p4 12 24 10 28 14 34 15 34 15 38 10 36 15 25 10 29 11 24 12
76 147 p3 15 39 15 25 13 37 12 38 10 24 10 27 13 35 14 27 11 31 14 28 15
76 148 p5 12 25 15 35 14 39 12 30 14 29 11 34 15 36 13
77 149 p5 13 25 13 28 13 36 15 26 10 33 12 34 14 30 15 34 15 26 12
77 150 p3 14 30 10 24 15 33 10 30 12 26 15 36 11 28 10 39 10
78 151 p5 12 26 14 34 14 32 11 27 14 31 11 24 13 26 10
78 152 p5 14 34 14 31 14 25 12 31 14 39 11 35 14 38 12 24 14 37 13 27 12
79 153 p5 12 29 15 26 14 35 15 25 14 26 12 33 11 24 14 30 10 27 15 28 15
80 154 p1 11 25 12 32 14 31 15 32 15 33 12 25 11 38 12 28 11
80 155 p1 15 30 12 35 13 28 10 25 13 33 15 24 13 32 10 36 13
81 156 p5 14 29 15 39 14 39 14 38 15 35 13 38 12 25 10 30 13 35 12 38 14
81 157 p2 12 29 13 31 15 36 10 30 14 35 14 30 13 38 15 27 12 31 12 29 11 36 14
81 158 p4 14 32 14 29 13 27 14 37 14 30 11 24 12 30 13 38 15 25 13
82 159 p4 12 25 13 31 10 33 11 31 12 34 13 39 14 32 12 37 14 30 15 30 12 27 15
83 160 p5 11 34 14 39 15 39 14 32 13 39 13 30 10 29 11
84 161 p3 14 29 13 35 12 32 15 25 10 24 14 24 11 25 14 38 15 29 12 34 11 35 13
85 162 p4 15 25 13 39 14 31 11 32 14 36 15 28 11 31 14 35 15 38 14 34 12
85 163 p4 13 24 15 38 10 30 15 31 14 25 13 37 13 36 15 32 14 31 10 26 10
86 164 p5 10 30 13 31 15 34 11 32 11 24 13 31 13 28 15 37 13
86 165 p4 13 35 15 26 14 29 14 37 14 29 14 32 14 25 15 37 13 37 10 34 13
87 166 p5 12 24 13 25 10 30 15 27 13 25 14 29 11 27 11 38 15 39 13 39 12
87 167 p5 12 24 11 31 12 30 15 39 13 37 15 28 10 27 15
88 168 p3 11 24 13 38 14 28 10 35 15 35 14 37 13 37 11 38 12 38 14 31 11 37 14
88 169 p3 12 32 11 35 13 39 13 35 12 37 14 36 12 39 11 30 11
88 170 p2 13 37 14 36 14 39 10 34 11 25 10 29 12 35 14 33 13 32 12 25 15 31 15
89 171 p5 14 24 14 24 14 27 11 34 13 35 14 29 10 26 15 38 12 34 12
90 172 p4 10 30 15 38 13 34 10 38 10 31 12 25 10 25 13 30 10
90 173 p1 10 26 12 25 15 39 14 39 15 32 15 25 13 39 13 30 14 25 13 26 14 28 13
90 174 p5 10 39 12 27 12 36 10 30 12 26 11 38 10 29 10 34 15 29 13 36 11 35 13
91 175 p4 10 26 12 37 10 31 13 31 12 37 10 38 12 35 13
91 176 p1 10 29 12 36 14 34 10 30 13 37 12 34 11 31 12 30 12 30 10
91 177 p5 13 24 12 25 12 37 15 31 11 27 12 26 13 36 10 37 15 36 10 30 13 28 13
92 178 p4 12 31 11 27 11 37 13 35 15 33 10 35 14 25 14 29 12
92 179 p3 14 27 11 33 14 28 14 37 14 32 14 39 14 26 13 30 14 29 13
92 180 p4 15 32 14 29 15 30 14 35 12 38 14 29 11 37 13 36 14
93 181 p5 13 30 12 33 11 29 12 26 12 30 13 25 13 26 14 30 10 39 10 37 12
93 182 p1 14 34 13 35 14 28 13 39 14 27 11 35 11 30 15 36 13 25 12 27 10 30 13
94 183 p4 12 29 12 26 15 34 12 27 11 31 14 28 15 31 14 38 10
94 184 p4 14 24 15 32 13 38 12 25 11 29 13 31 10 26 11 25 10
95 185 p4 14 32 12 25 11 31 12 33 11 32 10 24 12 24 13 28 10
95 186 p2 14 33 11 38 12 27 15 24 12 25 10 35 12 34 11 30 11
96 187 p5 14 37 12 31 10 33 13 32 14 39 15 33 15 26 10 38 10 31 10 32 11
97 188 p5 10 30 15 27 15 39 14 25 11 30 14 30 10 33 10
97 189 p5 11 31 14 30 13 35 11 25 12 38 12 29 12 27 14 29 14 30 11
97 190 p5 15 33 13 30 14 35 10 29 14 31 10 33 15 34 10 35 14 38 12
98 191 p5 15 36 12 27 10 29 10 39 14 38 12 27 11 29 10 38 13
98 192 p5 14 36 12 33 15 31 14 24 11 26 12 31 12 30 15
99 193 p4 15 34 11 31 10 30 12 28 15 39 15 32 10 37 15 32 13
99 194 p2 11 37 13 31 11 27 15 33 15 39 13 33 13 28 15 31 12
99 195 p2 14 38 13 29 14 36 13 24 10 29 14 27 10 39 13 28 15
100 196 p4 12 33 13 38 14 38 12 35 12 28 12 32 13 25 10
100 197 p4 12 30 10 32 12 27 11 27 10 30 15 39 13 39 11 25 12
101 198 p3 13 28 14 27 11 24 10 25 15 30 15 27 13 29 15
102 199 p5 14 30 13 36 12 28 12 28 14 35 15 37 12 39 10 37 11 38 13 34 15
102 200 p2 13 36 15 27 13 25 10 37 13 29 15 36 12 38 15 29 12 34 10 35 13 36 15
103 201 p3 10 30 10 30 15 33 10 34 10 39 12 30 12 32 12 30 14
103 202 p5 13 36 15 38 14 30 12 32 12 36 14 38 13 38 15 29 12 28 15
104 203 p4 12 28 15 34 13 33 15 30 13 36 12 34 15 33 13 37 11
105 204 p2 13 27 13 34 10 38 14 34 15 30 14 31 11 24 14 26 12
105 205 p3 13 34 15 33 14 30 12 25 10 37 11 39 15 38 15 38 13
105 206 p2 13 32 15 24 15 24 13 30 14 33 11 32 13 37 10
106 207 p5 15 28 13 27 14 27 11 34 14 24 12 38 14 38 14 25 15
107 208 p3 10 34 12 26 10 25 14 39 14 32 11 26 14 34 14
107 209 p2 10 39 10 28 10 28 14 25 15 35 12 38 10 29 12
108 210 p3 13 27 10 24 13 30 11 29 15 28 10 33 14 32 15 34 12
108 211 p5 13 35 11 24 14 34 10 30 11 37 12 32 11 30 13 27 10 39 11
108 212 p1 10 28 10 28 15 33 13 35 11 35 12 28 14 33 14
109 213 p5 10 37 10 30 11 30 12 28 10 27 10 38 13 36 11 26 13
109 214 p2 11 26 12 25 14 26 14 25 13 34 15 29 13 24 10 39 11 35 10
110 215 p2 10 31 12 34 15 37 15 37 12 25 15 26 15 35 11 29 15
110 216 p4 10 25 11 32 11 26 11 35 14 33 10 28 11 29 14 24 11
110 217 p3 12 36 12 37 12 32 11 32 12 39 10 34 11 35 12 39 15 24 13 38 13 36 12
111 218 p3 11 39 13 36 10 26 10 27 11 32 13 35 11 24 10 29 12
111 219 p5 15 25 13 24 10 39 15 29 13 35 12 32 10 25 15
111 220 p5 12 32 14 29 10 37 10 32 13 33 12 38 12 30 11 24 10 34 11 25 13 34 12
112 221 p5 10 33 13 28 13 39 15 30 12 35 10 24 11 34 12
112 222 p4 14 25 10 34 15 27 11 27 14 35 10 25 15 35 15 36 15 28 15 27 15 29 10
112 223 p4 11 36 15 29 15 32 13 35 14 35 14 33 11 29 15 39 14
113 224 p5 11 27 10 25 10 24 13 29 10 35 12 28 10 26 13 37 12 37 11 25 14 37 15
113 225 p2 13 30 12 28 11 34 10 24 12 31 15 24 11 27 15 32 10
114 226 p2 10 33 12 30 12 39 12 25 11 34 14 28 13 35 13 26 14 27 10 31 14 29 13
114 227 p4 10 38 11 39 15 34 10 30 15 25 14 31 10 33 11 28 15 28 12
115 228 p3 15 33 10 25 11 38 14 24 15 32 11 36 15 38 14 27 13
116 229 p4 10 27 12 37 11 33 11 27 15 35 12 27 13 36 11 38 14 29 13
116 230 p3 12 39 10 38 11 32 10 26 10 32 11 33 12 33 14 28 10 27 11 24 13
117 231 p2 10 25 14 29 14 37 15 33 12 29 10 34 13 35 11 39 15
118 232 p2 14 32 10 35 11 26 14 32 14 38 11 28 12 28 10
118 233 p5 15 38 12 35 13 26 10 29 13 32 14 34 14 37 10 29 15 39 10
118 234 p5 11 29 15 24 14 27 14 29 14 26 14 39 14 28 13 30 14
119 235 p4 13 37 10 29 13 32 12 32 12 38 13 30 12 39 13 28 12 28 10 35 12 37 15
119 236 p3 14 36 15 33 13 29 12 34 11 24 11 26 14 34 10
119 237 p5 10 39 15 35 12 33 11 38 11 30 12 25 12 29 15 31 12 32 15
120 238 p5 10 28 15 28 11 27 14 31 14 32 12 37 11 27 13 28 15 33 11 29 11
120 239 p5 10 36 11 31 15 32 11 32 12 29 13 32 10 31 11
121 240 p4 10 28 10 26 13 28 14 25 15 36 11 27 14 30 11 29 11 30 15 39 12
121 241 p3 10 32 11 37 14 25 11 30 14 39 15 38 15 28 10 24 13
122 242 p4 15 31 12 37 13 35 15 29 11 28 11 28 11 25 14 28 15 33 15 24 10
123 243 p5 11 27 11 34 13 34 11 26 15 29 12 36 12 34 13 30 12
123 244 p3 10 31 10 28 14 31 10 33 11 32 15 32 15 36 10 26 10 38 13 30 13
124 245 p1 13 26 14 26 15 38 11 34 15 29 10 31 13 29 15 30 13 35 14 38 15
125 246 p4 10 37 12 31 11 26 15 30 12 35 13 25 14 26 13 28 13 32 11
125 247 p3 13 29 10 39 14 25 12 37 14 28 15 25 12 26 11 30 12 39 14
125 248 p5 13 26 11 24 15 27 13 26 13 38 13 25 12 26 11 34 15 25 14
126 249 p5 10 32 13 25 11 31 15 29 13 35 15 30 10 26 13 35 11
126 250 p3 11 33 14 35 10 28 12 39 12 32 13 34 10 30 11 27 14 34 15 29 10 30 14
126 251 p5 13 32 10 27 10 37 10 30 12 25 11 29 14 26 12 24 11
127 252 p5 13 37 15 24 12 31 10 35 15 28 11 26 11 35 12
128 253 p5 14 39 15 24 11 27 15 32 13 31 10 32 14 32 12 34 15 32 10
128 254 p1 10 33 15 24 15 34 13 34 12 27 10 36 12 39 15
129 255 p1 15 33 12 31 11 32 13 37 15 39 10 32 13 24 10 35 11 36 11 26 12
130 256 p5 11 32 11 34 14 24 12 33 14 27 15 28 13 30 11 31 15 38 13 36 11 36 13
131 257 p2 12 27 13 28 11 26 13 27 12 29 10 28 11 25 13 30 14
132 258 p4 12 25 10 32 14 39 12 28 11 32 13 32 14 29 13 26 11 26 12
132 259 p4 13 33 12 36 14 24 13 38 12 34 11 36 10 31 14 27 10 39 11 36 14
133 260 p5 12 31 14 37 12 30 14 37 12 26 13 28 12 34 10
133 261 p3 15 32 10 27 13 36 13 28 14 33 14 27 15 32 10 25 14
133 262 p4 11 26 12 26 14 32 14 36 14 26 10 27 10 29 13 24 12
134 263 p4 10 31 14 25 12 39 13 33 11 28 11 32 15 32 14 26 15
135 264 p5 14 38 11 30 12 30 11 31 14 26 10 36 14 36 11 25 13 27 12
135 265 p4 13 30 14 31 13 34 14 28 10 26 10 39 13 33 12 25 10 26 15 34 11
136 266 p5 12 30 11 24 13 30 11 33 11 35 10 38 14 28 15 26 12 27 11 30 15
136 267 p5 15 26 14 30 14 34 15 35 15 35 12 37 15 28 13 39 12 32 13
136 268 p3 13 24 13 35 14 28 15 26 13 34 15 28 11 27 14 26 15
137 269 p3 13 31 11 25 12 34 11 31 13 37 15 30 10 37 12 25 12
138 270 p2 13 26 10 33 13 38 10 25 10 28 10 37 12 32 12
138 271 p5 10 31 14 39 15 34 12 34 13 28 11 25 10 37 14 27 12 36 11
138 272 p4 12 36 12 39 10 30 10 27 10 29 12 34 11 36 10
139 273 p1 13 35 10 32 10 30 14 25 10 33 11 28 13 34 14
139 274 p5 13 35 11 33 13 26 15 36 14 36 13 33 10 25 15 33 15 30 11 27 14
139 275 p4 13 24 13 26 10 26 12 28 13 39 14 27 15 29 13
140 276 p1 14 33 10 35 12 38 15 37 11 33 11 33 13 31 15 27 11 38 13 29 13
140 277 p5 10 31 12 25 15 36 11 36 13 38 10 31 13 35 12 28 15 34 15 35 10
141 278 p4 14 26 12 24 13 38 10 34 14 27 14 28 11 33 11 31 13 34 10 33 11
142 279 p3 12 25 12 39 15 28 11 37 13 37 15 29 10 29 15
142 280 p4 11 33 12 25 10 29 14 30 13 30 13 30 13 32 15 36 12
142 281 p5 14 26 12 24 15 25 12 24 14 28 15 31 13 37 15 29 11 29 11 25 11 33 10
143 282 p1 14 31 10 30 13 34 15 29 11 30 14 25 13 33 10 39 11
143 283 p4 10 27 10 34 12 34 12 39 14 25 10 28 13 32 15 36 11 39 13 39 15
143 284 p4 14 26 10 34 15 38 11 39 15 24 15 39 10 33 11
144 285 p4 12 26 10 27 15 32 10 28 15 33 14 27 15 32 10 31 14 31 13 32 11
144 286 p2 14 35 11 35 10 24 13 28 12 32 10 37 11 25 13 25 11 30 13 30 14 37 13
144 287 p5 12 36 14 36 14 31 14 38 10 28 11 24 15 37 14 32 15 38 11
145 288 p5 10 25 13 26 11 39 10 28 13 35 14 27 13 27 15
145 289 p5 11 36 11 29 12 36 10 31 13 36 11 29 11 37 15 26 14 36 10 33 12 38 14
146 290 p5 10 35 11 33 10 24 14 25 12 27 13 31 14 25 12 37 14 32 12
147 291 p5 15 29 13 30 11 27 10 36 12 33 14 27 10 24 13 37 10 32 10
148 292 p5 12 33 10 38 10 38 12 24 13 24 13 37 11 35 11 30 13 30 14
149 293 p4 14 34 12 30 11 38 15 30 12 24 15 31 15 37 12 26 13
149 294 p2 11 26 13 37 14 27 12 36 11 36 10 33 15 26 14 24 10 34 12
150 295 p2 11 38 11 33 15 37 13 38 15 27 11 28 11 25 13 25 14 36 12 35 14 29 12
151 296 p4 11 32 14 30 10 25 11 27 13 25 13 36 13 24 15 35 10
151 297 p4 11 36 15 30 14 34 11 38 10 30 10 37 15 37 12
151 298 p3 10 36 11 27 14 36 12 37 13 35 11 37 14 38 11
152 299 p5 12 32 14 36 12 24 14 27 13 33 10 26 11 29 14 33 11 26 13 27 15 26 10
153 300 p2 10 29 10 29 15 35 10 32 11 33 11 34 13 34 15 39 13 24 10 25 13 35 15
153 301 p3 14 27 13 29 13 29 14 38 11 33 15 26 14 24 12 26 10 27 15 25 14 35 14
153 302 p5 11 39 10 25 12 31 10 36 10 25 15 25 13 37 11
154 303 p4 15 38 12 29 11 26 15 35 14 31 12 31 13 38 11 36 12 37 11
155 304 p2 12 25 11 35 10 26 15 33 10 37 12 37 15 24 14
156 305 p3 15 35 11 32 14 27 15 29 14 35 13 24 11 28 11
157 306 p2 15 36 11 39 15 30 10 32 15 33 13 30 15 31 11 26 13 39 12
157 307 p5 11 36 12 30 13 39 15 36 12 28 13 39 13 39 13 28 13 34 12 39 14 36 13
158 308 p3 13 30 15 25 14 32 15 36 10 37 11 38 11 30 15 39 13 27 11
159 309 p2 14 27 12 37 15 32 15 31 14 25 15 30 11 28 15 32 10 36 11 26 10 25 10
159 310 p3 10 38 10 36 15 26 14 38 14 29 10 30 13 25 14 35 15 34 15 29 14
160 311 p5 14 28 11 26 13 37 15 38 13 31 12 26 14 32 14 38 14 30 10
161 312 p1 11 29 11 31 11 27 11 28 14 32 11 31 14 36 11 38 14
161 313 p5 11 32 12 26 15 27 12 33 11 33 13 24 11 28 14 30 15 27 13 32 10
162 314 p2 12 24 15 30 10 36 11 24 14 29 15 27 12 29 14 25 11 35 11 30 12 37 12
162 315 p2 12 35 11 37 15 38 13 34 15 29 12 29 12 33 13 25 11
162 316 p4 15 29 12 32 13 25 12 33 10 32 15 37 12 27 12
163 317 p3 15 31 13 24 13 31 14 31 15 32 15 27 12 39 11 29 10 26 12
163 318 p3 13 31 13 37 10 33 12 31 11 36 13 33 13 38 15 28 15
163 319 p5 11 30 10 30 15 39 10 37 11 25 14 38 11 32 13 29 15 35 14
164 320 p5 12 34 12 25 10 28 12 36 11 38 13 33 15 39 13 29 10 36 15 38 10
165 321 p5 11 35 11 31 12 25 13 35 14 36 12 32 10 30 14
165 322 p4 11 36 12 31 14 38 11 31 10 33 11 29 13 32 12 27 10 30 11 28 14 37 15
165 323 p4 15 38 15 27 15 29 15 31 10 26 11 24 11 35 11 33 12 35 14 35 14 34 11
166 324 p5 10 24 15 38 15 39 13 37 12 37 14 28 10 30 10 33 11 26 10 29 15
167 325 p2 10 34 13 27 11 28 11 31 14 26 11 33 10 28 15 32 13 37 10 30 15
168 326 p2 13 39 14 31 10 28 12 37 14 28 12 24 10 35 13 28 11
169 327 p4 11 35 14 33 12 35 10 34 13 25 13 35 15 28 10
169 328 p3 15 38 12 28 13 39 15 39 10 39 14 25 14 25 11 36 13
169 329 p4 10 30 12 24 11 34 11 25 11 26 15 32 14 37 10 24 14 33 10 30 13 31 13
170 330 p3 10 38 14 26 12 34 11 24 10 31 15 39 12 36 13 26 15
170 331 p2 10 27 13 30 12 37 12 27 10 26 13 36 11 34 14 26 15 25 14 24 14 37 14
170 332 p2 12 30 15 27 11 26 10 35 10 38 10 38 14 34 12
171 333 p5 12 39 13 30 15 35 11 27 14 38 12 38 12 24 10 36 13 28 13 30 14
172 334 p5 10 36 11 29 12 24 11 27 14 35 13 36 13 26 15 39 10
173 335 p4 14 39 11 24 10 34 11 35 14 36 13 31 13 33 15 39 15 26 15
173 336 p3 13 33 15 37 14 29 10 34 10 35 10 38 13 30 13
174 337 p5 10 38 11 31 15 25 12 29 12 38 11 34 13 28 14 27 12 31 13
174 338 p5 12 36 15 36 13 36 15 31 13 31 13 39 10 39 14 31 13
174 339 p5 10 27 13 28 11 31 10 29 10 31 11 27 12 36 12 37 13
175 340 p4 13 29 13 31 14 33 15 34 13 34 10 38 10 31 11 33 15
175 341 p3 13 33 11 33 15 32 12 26 13 39 15 30 15 24 11 28 13 29 15 35 14
175 342 p4 14 29 12 39 12 27 15 39 11 28 13 35 14 37 10 25 10 39 12 34 13
176 343 p5 14 32 12 35 12 38 11 27 11 32 14 32 12 38 10
177 344 p3 14 37 13 25 10 26 10 34 11 32 11 34 11 28 13
177 345 p1 13 36 11 30 12 35 11 28 14 27 12 32 10 33 14 28 12 36 12 27 14
178 346 p4 13 27 10 35 12 25 11 37 14 36 13 36 10 38 10 24 12 32 12 39 11
178 347 p3 10 24 14 32 12 28 11 39 15 27 14 25 11 30 10 34 15 26 10
178 348 p5 12 26 14 28 11 29 10 32 10 29 14 28 13 32 10 25 11 38 13 37 15 36 14
179 349 p5 11 39 12 38 14 30 11 28 10 36 13 28 14 36 10 28 10 30 13 25 10
180 350 p3 11 32 15 35 10 28 14 33 10 34 10 27 13 24 15
181 351 p5 14 37 14 25 11 26 12 30 11 27 10 38 15 25 15 25 11
181 352 p5 13 30 15 29 15 27 12 34 14 29 14 30 14 36 11 28 10 30 11 30 10
181 353 p5 13 38 15 31 11 33 12 35 11 38 13 36 13 37 14 26 15 28 14
182 354 p1 12 39 15 26 11 37 13 28 14 31 15 30 14 35 13 31 11 38 15 27 10
183 355 p1 10 38 14 35 12 38 10 38 14 39 12 27 12 35 13 26 10 25 15
183 356 p5 14 26 11 27 13 32 15 26 12 38 10 33 14 32 14 29 13
184 357 p2 11 28 11 28 11 36 13 29 12 37 10 31 11 26 12 26 15
184 358 p4 10 25 13 32 12 29 12 25 11 24 15 27 15 39 11 25 14 27 12 26 15
185 359 p4 14 25 10 27 11 31 15 35 10 26 10 25 12 30 13 38 13
185 360 p5 11 29 13 26 10 30 10 33 15 35 13 37 12 38 10
186 361 p3 10 28 11 39 10 32 14 32 13 33 12 37 11 26 13 35 10 24 13 34 12
187 362 p4 14 39 11 33 15 31 14 31 10 33 13 28 13 38 10 34 13 33 12 31 12 28 12
187 363 p4 13 26 11 32 12 36 12 35 14 26 10 37 13 29 14 34 14
188 364 p5 13 29 15 30 10 34 13 26 15 37 15 29 14 35 11
188 365 p4 10 39 10 30 11 33 14 30 15 38 15 27 12 29 12 28 10
188 366 p5 12 38 12 31 14 32 13 31 14 35 11 32 10 31 13 29 15
189 367 p5 11 39 15 26 15 24 11 36 10 30 15 28 15 31 10 32 13 37 15 34 10 26 12
190 368 p3 10 33 13 36 11 39 10 33 15 33 12 25 15 36 10 28 10 37 12
191 369 p3 14 36 11 28 12 32 12 28 12 38 14 24 10 28 13 29 10 34 12 28 15
191 370 p2 10 38 15 27 12 24 10 32 14 28 14 32 15 34 13 30 15 25 11
191 371 p5 13 38 10 34 10 36 11 26 11 31 15 36 14 37 11 35 15 26 13 38 10 31 14
192 372 p4 11 25 11 35 14 32 12 30 10 33 10 31 13 37 10 29 10 39 12 24 12 33 10
192 373 p1 14 31 11 29 10 35 10 24 12 24 11 28 15 34 13 26 11 25 10 38 13 39 14
192 374 p5 13 34 12 31 10 37 13 35 12 32 13 31 11 24 12
193 375 p4 12 38 10 34 15 33 13 32 13 39 13 35 11 38 15 27 14
194 376 p1 11 24 11 26 14 27 11 37 11 35 15 36 13 26 14 32 13
194 377 p5 11 25 13 29 10 28 14 27 13 27 10 31 13 28 11 36 12 32 10
195 378 p4 10 28 13 31 15 26 10 36 11 38 10 27 12 39 11 30 14 31 12
196 379 p3 15 37 10 25 15 28 15 39 14 31 15 26 13 30 11 24 11 31 13
197 380 p4 13 29 14 30 14 39 10 24 10 28 15 34 11 28 12
198 381 p5 13 31 12 34 15 32 10 38 12 37 11 31 10 28 10
198 382 p1 15 26 10 24 11 24 12 34 13 24 15 35 13 35 12 26 14 24 15
199 383 p4 12 29 13 39 15 24 15 38 14 30 14 33 13 38 12 32 15 34 13
199 384 p4 15 27 13 28 11 29 12 28 10 30 13 24 14 24 14 30 11 25 12 35 10 25 14
200 385 p4 14 33 12 38 12 30 13 39 12 24 13 36 11 39 15 30 12 30 10 27 13
200 386 p2 13 31 11 36 12 27 10 24 11 38 13 38 13 38 14 35 14 28 12
201 387 p5 13 27 12 37 10 28 13 34 14 29 14 39 10 24 12 26 15 27 15 24 15 24 12
201 388 p5 13 37 13 30 13 35 15 34 15 34 11 34 10 37 13 39 15 36 14
202 389 p5 12 24 11 27 14 28 14 30 10 25 11 27 12 24 15 28 10 36 12 38 15 38 11
202 390 p5 15 30 15 24 10 31 13 30 15 29 13 32 12 31 10 37 11
203 391 p5 11 39 10 28 12 31 10 24 11 31 11 26 13 24 14 25 15 26 12
203 392 p5 10 32 14 25 12 26 13 29 15 36 12 25 13 25 12 34 11 37 13 27 12
204 393 p4 13 30 12 36 12 27 15 26 13 31 10 27 10 29 12 27 11 24 13
204 394 p2 11 30 13 30 10 34 10 34 15 29 13 26 11 29 12 38 14 30 12
204 395 p2 15 30 15 28 11 32 10 31 11 34 14 33 14 29 14 38 10 39 14 36 15
205 396 p4 10 34 10 35 12 36 12 34 14 28 12 34 13 26 12 37 10 30 13
206 397 p4 10 24 15 34 15 31 11 26 14 30 14 24 14 32 12
206 398 p3 14 32 12 29 15 31 11 37 11 32 11 34 13 29 10 30 13 28 14 36 15 39 11
207 399 p5 14 28 11 37 11 30 14 26 15 37 13 38 12 39 13 27 11
207 400 p2 12 32 13 36 14 33 10 34 14 27 10 31 12 28 12
207 401 p3 10 27 12 30 15 25 13 34 15 25 14 31 15 35 12 36 15 33 13 37 12 31 14
208 402 p5 10 33 10 25 13 24 12 24 13 24 10 30 12 27 14 32 14
209 403 p4 12 29 14 30 15 29 12 30 13 36 14 35 12 24 14 32 12 35 15
209 404 p2 14 33 13 27 14 37 14 39 13 24 12 39 14 38 15 37 10 37 12 24 14 27 12
209 405 p3 12 39 11 38 14 32 13 33 14 32 15 27 14 24 10 27 15 34 10 24 11 27 11
210 406 p2 10 37 12 24 11 36 11 25 10 34 12 35 13 33 11 33 13 29 11 24 15 36 11
210 407 p5 10 29 10 33 13 24 11 38 13 25 12 25 12 30 10 30 11 34 15 28 13
210 408 p3 11 25 10 28 11 37 11 31 14 38 15 32 10 36 10 35 12
211 409 p2 12 25 11 36 11 31 11 28 14 24 11 32 10 27 14 34 10 34 10 36 13
211 410 p3 10 29 11 38 14 31 12 34 14 32 12 29 13 27 10 27 12
211 411 p5 10 34 11 32 11 25 12 38 10 34 13 34 10 24 10
212 412 p1 11 37 11 39 10 28 14 28 14 35 14 30 10 25 10
212 413 p5 10 31 12 33 10 34 12 25 14 36 13 24 11 32 11
213 414 p2 13 28 13 32 14 24 15 31 14 35 14 27 10 39 10 28 12 35 12 30 15
213 415 p2 15 24 15 37 14 38 13 30 12 32 10 35 14 26 11
214 416 p4 11 30 13 32 10 26 12 34 12 34 12 37 10 32 14 31 14 39 11 31 11 34 15
215 417 p3 13 39 10 32 11 36 12 30 12 29 12 39 10 25 15 25 13 26 14 35 15 35 13
216 418 p3 12 32 11 38 11 32 15 25 13 26 15 37 11 35 11 30 14 27 11 24 13
217 419 p5 15 31 10 25 13 37 10 39 12 36 10 32 10 37 10
217 420 p5 12 38 15 29 14 39 13 38 11 25 14 28 14 25 10 29 14 38 12 30 15
217 421 p5 15 37 15 35 12 24 10 39 10 38 10 30 14 28 15 26 11
218 422 p4 12 26 15 34 11 35 10 33 14 36 12 36 13 31 15 34 12 30 13
218 423 p4 15 29 13 38 13 36 11 38 14 39 15 35 10 35 13 37 14 38 11 33 11
219 424 p5 11 32 15 27 15 28 15 33 10 33 15 26 12 31 11 30 13
220 425 p2 14 34 15 30 11 30 11 24 13 35 12 39 13 25 12 38 14 35 10
221 426 p2 11 26 12 30 12 37 11 32 12 25 14 26 11 39 13 24 12 33 14 34 11 33 11
221 427 p4 11 31 11 38 10 39 10 29 14 25 13 37 15 28 15 32 15
222 428 p3 12 26 12 36 13 37 12 26 14 28 12 38 15 38 11 38 10 35 15 37 10
222 429 p4 15 24 11 37 12 33 10 32 11 24 14 29 12 34 12 37 15 38 12 37 10
222 430 p3 12 25 12 24 15 24 10 34 12 28 11 37 15 24 14 24 13 32 14 32 15
223 431 p2 15 38 15 27 11 37 10 27 12 30 15 25 13 38 12 39 14 39 14
223 432 p2 11 28 14 30 11 24 15 30 12 32 10 35 14 37 13 36 12
224 433 p5 14 32 14 28 15 32 13 28 15 30 10 39 10 31 11 34 15
224 434 p5 11 35 13 25 15 28 14 38 13 24 11 33 14 27 10 32 10 25 10
225 435 p4 13 31 15 34 14 30 11 36 11 33 10 35 14 27 11 26 15 28 14
226 436 p3 12 32 15 26 15 33 14 33 14 33 14 36 15 25 14
227 437 p5 12 25 10 27 13 26 14 33 10 30 14 29 11 32 10 26 12 38 15
227 438 p5 12 38 12 28 15 35 11 26 13 24 12 31 13 38 12 29 13
228 439 p5 13 37 10 39 11 30 11 33 13 31 15 27 10 24 13 36 10 35 13 32 13 30 12
228 440 p4 12 34 15 39 10 37 15 37 11 36 11 34 11 28 12 28 13
228 441 p3 14 34 15 27 10 27 11 37 12 36 15 24 12 32 11
229 442 p4 13 33 10 34 10 38 15 35 13 37 12 34 10 26 10 37 13 39 11 38 11
229 443 p5 13 37 13 33 10 25 15 39 13 29 10 27 11 36 15 34 15
229 444 p3 15 26 12 38 11 29 11 26 12 32 12 34 12 27 14 36 10 37 11 28 14
230 445 p1 15 31 10 28 14 25 10 39 13 31 11 36 11 32 10 29 14
230 446 p4 12 32 15 35 10 25 14 33 13 39 12 29 12 29 12 39 15
231 447 p3 15 30 13 24 13 28 15 32 14 28 15 31 10 28 13 39 14
231 448 p5 15 37 10 35 14 35 15 38 12 34 14 30 10 30 15 32 14 25 10
231 449 p5 12 31 10 38 14 38 13 39 10 37 11 33 13 24 11 38 13 28 15
232 450 p3 10 29 13 34 13 29 15 32 13 27 10 31 10 28 14 37 10 38 10
232 451 p5 12 26 15 31 13 31 10 36 14 29 11 38 13 35 10 24 11 24 11 31 13
232 452 p5 13 24 13 30 15 26 10 38 10 38 15 35 10 24 10 37 10 36 10 36 11 39 13
233 453 p5 10 30 11 38 15 35 14 32 11 32 11 34 11 25 10 38 13
233 454 p1 11 28 14 34 13 36 12 37 11 33 10 37 10 29 10 34 12 24 15
234 455 p1 11 32 13 24 12 24 11 35 13 34 10 38 15 30 13
234 456 p5 13 27 13 31 14 35 13 37 11 33 13 28 14 39 14 34 15 29 13 38 10 25 13
234 457 p2 13 28 15 25 10 31 12 39 13 28 13 24 13 34 15 34 11 24 14
235 458 p4 11 24 10 26 15 31 12 35 11 29 15 27 10 27 10 37 14 30 15 26 11
236 459 p4 11 39 13 24 11 26 11 38 11 27 11 36 15 24 12
236 460 p5 11 27 10 30 13 28 15 39 11 26 11 39 14 37 14 32 12 28 11
236 461 p3 15 26 12 33 11 27 14 35 12 32 13 33 11 32 10 37 14 31 13 25 15 24 15
237 462 p4 11 34 10 35 15 24 14 38 13 29 13 37 13 29 11 30 10 38 10 29 11 36 12
237 463 p4 15 37 12 30 11 24 13 25 13 26 13 37 11 37 13 30 14
238 464 p5 12 30 11 28 15 29 15 37 12 31 15 26 10 35 10 34 14 35 12 26 15 38 12
239 465 p4 10 26 15 26 14 31 12 35 14 35 10 30 10 26 10 32 14 25 13
239 466 p5 12 27 11 26 10 28 15 28 14 25 14 26 10 39 15
240 467 p5 11 34 10 39 15 26 15 27 10 32 10 29 10 31 15 27 14 38 15
240 468 p3 14 24 12 26 11 34 15 25 11 38 14 38 10 38 15 25 11 35 15 31 11 31 13
240 469 p3 14 28 10 24 13 30 15 38 13 33 12 38 10 31 14
241 470 p2 11 39 13 35 10 32 14 25 14 36 11 31 13 36 11 37 14 30 15 32 14 39 14
242 471 p5 14 30 13 29 13 25 10 31 10 34 13 37 13 33 12 25 14 26 10
243 472 p4 14 31 15 37 15 30 14 27 12 36 12 32 14 34 13 29 12 27 10
244 473 p1 15 32 15 33 10 33 14 33 12 25 10 37 13 28 15 26 13 29 13 34 10
245 474 p5 12 24 11 38 11 25 10 24 15 27 15 30 11 38 15 24 14 34 11 31 15 39 15
245 475 p4 10 30 14 31 14 35 12 37 12 38 13 33 12 39 15
246 476 p1 13 34 14 25 13 29 14 31 15 35 11 38 11 39 10 29 14 30 15 24 11
246 477 p5 15 35 12 24 14 24 14 28 10 33 11 36 12 32 13 27 12 29 12 39 11
246 478 p4 14 30 15 34 10 25 11 26 10 28 12 36 12 29 14 35 14 27 14 37 12
247 479 p3 13 29 15 29 10 29 13 30 12 39 13 32 11 25 10 28 12 28 12
248 480 p4 13 32 15 29 15 35 10 37 10 27 12 29 12 33 11 28 14 37 13 24 14
248 481 p5 10 35 11 31 15 29 15 37 15 37 13 30 13 34 14 27 11 29 15 28 13
249 482 p1 13 38 15 36 11 27 13 37 14 38 11 24 14 37 11 35 13 37 13 28 12 35 14
249 483 p4 13 25 14 28 12 28 11 24 13 31 12 31 11 27 12 39 10 34 15 28 14 34 12
249 484 p4 10 38 13 31 15 33 14 38 10 32 12 26 14 29 12 26 13 34 11 31 12
250 485 p4 14 35 11 28 14 27 13 32 11 34 14 39 13 30 10 29 15
250 486 p2 15 25 14 33 12 35 11 25 15 34 15 26 14 36 10 38 15
251 487 p5 15 31 13 27 10 27 14 34 13 38 11 25 13 35 13 29 15 30 12 33 12 30 12
251 488 p5 12 30 10 29 12 37 10 26 13 29 13 28 11 27 12 31 12 24 11
251 489 p5 13 30 10 24 12 29 10 38 15 38 13 37 13 32 14 38 13
252 490 p5 12 38 10 27 11 38 10 36 14 36 14 30 10 30 10 33 11 35 15 28 10 26 12
253 491 p5 11 24 14 34 15 30 11 26 15 32 12 27 13 39 13 37 15
253 492 p5 14 36 13 28 14 31 14 24 13 27 15 31 12 31 13
254 493 p4 14 25 10 25 15 32 14 25 10 25 13 25 12 35 14 32 14 30 13
254 494 p2 11 30 15 30 14 38 15 31 13 31 14 24 13 27 13 27 15 31 13
254 495 p2 13 39 11 37 15 37 12 35 14 31 14 32 12 35 11 38 11 29 11
255 496 p4 12 29 12 37 15 38 15 24 13 27 11 38 10 30 11 29 13 26 10 39 12
255 497 p4 14 32 11 25 13 31 15 24 13 37 15 28 15 35 13 24 12 37 11 31 14 27 12
255 498 p3 12 24 12 38 14 28 10 33 12 31 11 28 10 32 12
256 499 p5 12 35 15 35 14 35 10 37 13 35 14 38 15 30 11 24 10