0 0 p2 23 2 17 3 17 4 34 4 24 1 27
0 1 p2 18 4 18 5 27 2 31 3 26 3 27 2 16 5 26
1 2 p4 34 2 16 5 20 5 32 4 24 2 33 4 24 4 25
2 3 p1 33 1 29 1 20
2 4 p2 24 5 25 3 32 2 33 4 19 4 32 4 24 3 29 4 34
2 5 p5 24 2 21 1 30
3 6 p5 33 4 29 2 27 2 17 5 26 3 30 5 31
3 7 p5 31 1 18 3 25 4 30 3 32 5 26 4 19 5 33
3 8 p2 20 5 25 2 33 1 16 5 17 2 25 3 30 3 33
4 9 p2 31 1 34 3 23 1 19 1 26 3 17 1 19 1 31 5 30
4 10 p5 25 5 30 5 26
5 11 p1 32 1 18 3 33 1 31 5 21
6 12 p2 18 3 22 1 22 5 31 2 23 4 33 5 21 1 17 3 27
6 13 p5 33 2 25 1 19 3 21
7 14 p5 32 4 25 2 28 5 29
7 15 p1 27 5 30 1 33 4 33 4 28 1 33 2 19 2 26
7 16 p5 17 4 17 1 30 3 30 3 17 1 23 1 33 4 29
8 17 p3 22 1 25 2 22
9 18 p4 27 5 21 4 24
9 19 p3 17 4 18 2 21 4 34 5 23 2 16 2 22 3 16
9 20 p4 26 4 21 2 26 4 20
10 21 p2 25 3 29 5 31 2 25 4 16 2 23 2 27 5 32
11 22 p1 22 5 16 3 23
12 23 p1 29 4 20 2 21 1 28 3 26 5 27 1 29 2 17
12 24 p2 22 4 33 3 19
13 25 p4 16 3 28 4 18
13 26 p4 32 5 26 1 32 4 34 1 33 4 17
13 27 p4 17 1 27 3 25 1 17 1 24
14 28 p1 16 5 23 2 18
14 29 p2 28 2 28 2 29 5 16 4 28 4 26
15 30 p3 16 5 24 4 29 5 30
16 31 p1 22 2 32 5 25 4 20 2 17 2 26 4 19
16 32 p2 33 5 31 4 27 3 33
16 33 p2 28 3 23 5 30
17 34 p1 23 5 25 1 32 4 16 5 34 3 21 3 18
17 35 p5 17 5 25 3 16 5 21
18 36 p3 30 4 23 1 28 3 28 2 19 4 29 4 32
18 37 p1 21 4 29 3 21
19 38 p3 28 3 32 1 24 3 18 5 18 3 23 1 16
19 39 p1 23 3 28 3 22 1 30 1 18 2 33
20 40 p5 20 5 25 5 29
20 41 p2 34 1 33 4 22 4 31 3 33
21 42 p5 18 5 22 3 30 2 31 1 33
21 43 p4 33 1 24 4 16 2 28 1 22 4 33 5 19 2 23 4 24
22 44 p5 34 3 19 5 29 4 24 2 26
22 45 p3 16 2 28 2 27 5 27 5 31
22 46 p1 20 5 18 4 26
23 47 p2 25 3 22 2 24 3 31
24 48 p3 20 4 28 3 17 2 22 1 26 5 23 3 18
24 49 p3 18 5 17 2 18 5 26 1 18 4 32
25 50 p1 18 1 19 1 16 3 34 5 17 4 27 1 16 3 22
26 51 p2 24 5 20 2 16 3 31 4 33 2 17 4 33
26 52 p3 16 4 32 5 30 5 18
27 53 p4 22 2 29 1 24 5 29 2 21 4 34 3 28 2 34 5 29
27 54 p3 29 5 16 2 30 3 29 1 30 5 21 3 18 4 26
27 55 p5 18 4 29 1 16 3 28 1 19
28 56 p4 17 3 32 4 30 5 17 1 20 2 32 4 20 2 26
28 57 p4 31 5 20 5 31 4 21 2 27 3 19 2 25 5 29 4 25
29 58 p5 29 2 21 4 22 4 26 4 32 3 16 2 26 2 33
29 59 p3 29 5 27 4 19 5 25 2 23 4 19 3 34 4 25
30 60 p4 17 1 23 4 16 1 16 2 16 5 34
30 61 p1 34 1 19 2 20 2 34
31 62 p1 20 1 20 2 28 5 18 4 16 1 19 4 28 5 30 2 31
31 63 p5 26 4 27 4 25 1 22 3 27 1 26 5 20 1 20
32 64 p2 21 3 31 4 19
32 65 p2 18 4 27 4 16 5 19 4 34
33 66 p1 32 4 20 3 21 2 24 1 33 1 21
33 67 p4 23 3 34 1 17 1 23 3 18 2 25 2 32 1 29 5 24
33 68 p4 29 5 18 3 25 2 19 2 31
34 69 p5 32 3 21 5 19 5 24 2 24 4 30 2 17 1 25 5 21
34 70 p4 17 4 28 3 22 2 23
34 71 p3 33 3 16 3 32 3 16 1 33 1 16 4 21
35 72 p3 27 5 21 1 19 3 32 1 30 2 22 2 16 2 31
36 73 p1 21 4 29 3 23 1 33
36 74 p3 34 4 17 4 22 5 32 3 34 1 20 5 32
36 75 p4 27 3 20 4 32 5 26 5 27
37 76 p2 27 3 34 1 29
37 77 p4 18 3 22 5 31 1 17 1 29 2 33 5 34 1 22 2 25
38 78 p5 18 3 32 2 25 1 31 4 34
38 79 p5 30 5 21 1 33
38 80 p3 16 3 21 5 29 1 29
39 81 p3 21 1 24 2 18 2 18 1 21 5 17 4 23 1 24
40 82 p4 16 5 32 1 20 5 31 2 19 1 28 5 25 3 27 3 30
41 83 p3 31 3 28 3 17 4 21 2 29 1 27 4 21 3 34 2 24
41 84 p3 32 3 29 1 31 1 24 1 16 4 22
42 85 p4 21 1 34 1 30 1 26 1 33 2 31 1 21
42 86 p3 27 2 21 3 28 2 18 2 25 3 30 5 32 2 30
42 87 p3 23 4 29 2 34 5 29 5 19
43 88 p4 33 2 18 5 21 2 31
43 89 p5 20 3 26 5 31 2 19 2 25 3 29
43 90 p1 29 5 31 2 23 1 26 5 34
44 91 p5 27 5 28 1 25 3 22
45 92 p2 34 2 20 2 23
46 93 p1 31 3 18 5 23 4 33 2 23 1 34 3 24 2 22 1 30
47 94 p5 22 4 29 4 25
47 95 p2 22 5 33 1 32 5 28
48 96 p1 24 2 30 4 29 5 29 4 22 3 33
49 97 p4 20 4 16 1 19 5 27
49 98 p1 26 4 30 5 26 5 26 3 27
49 99 p2 26 2 23 3 25 5 31
50 100 p2 21 2 34 3 21 2 30 1 22 2 24 1 24 4 17
51 101 p2 29 4 23 5 34 2 19 4 25 2 19 5 17
52 102 p4 25 3 33 2 19 1 21 5 30 5 25 5 31
52 103 p1 28 4 17 2 27 5 27 3 18 3 26 5 32 1 19
53 104 p2 20 2 30 1 18 3 18 1 25
53 105 p5 19 1 21 4 20 4 16
54 106 p5 28 2 21 4 33 2 16 1 18 3 26 1 19 4 32
55 107 p5 26 2 25 1 32 4 34
55 108 p2 32 1 19 3 26 4 21 4 20 5 22 5 25
55 109 p2 25 2 26 1 23 1 17 3 31
56 110 p5 29 2 29 5 27 5 28 2 17 3 24 2 27
56 111 p1 23 4 28 2 17 5 17
57 112 p2 32 3 34 5 20 2 18 5 16 4 33 4 33
57 113 p5 31 4 33 4 22 3 16 2 27 5 27
57 114 p5 28 2 24 5 34 3 18
58 115 p1 30 4 16 2 33 2 27 3 31 2 32 1 22
59 116 p5 30 2 28 3 33 2 16 4 27 5 33 2 30 1 20
59 117 p3 24 1 17 4 34 3 18 1 23 5 23 3 23 5 21
60 118 p4 16 2 17 4 21 5 19 4 34 5 34
60 119 p3 19 1 31 4 17 5 31 1 17 1 21
61 120 p4 27 4 16 1 31 3 22 4 30 5 23 1 19 2 34 1 25
61 121 p2 19 1 18 2 33 4 19 3 34 4 30 3 16 5 26 5 34
62 122 p1 26 4 23 2 21 4 32
63 123 p1 16 4 32 2 31 2 19 1 29 1 19
63 124 p2 34 5 27 1 29 5 24 3 28
64 125 p4 17 2 22 2 18 2 32 3 29 4 32 5 34 3 21
65 126 p4 30 4 31 4 19 5 16 3 22
66 127 p4 27 5 17 3 34 1 29
66 128 p1 22 4 34 1 34 1 18
66 129 p2 31 5 21 1 29
67 130 p3 33 5 28 2 16 5 28 1 22 4 23 5 21 2 20 2 29
67 131 p1 34 2 26 3 29 3 20 3 27 5 31 4 32 5 16 2 21
68 132 p2 34 2 29 1 20 2 34 1 18
69 133 p2 27 5 33 2 27
70 134 p1 24 4 30 5 19 3 32 3 30
71 135 p5 17 1 16 1 22
71 136 p3 31 5 31 1 25
72 137 p1 22 3 31 1 17
72 138 p3 33 3 33 4 28 1 16 5 27 1 17 3 18
73 139 p1 17 3 26 2 27 1 21 3 29 3 26 1 24 2 24 2 16
73 140 p5 26 5 33 3 19 2 30
73 141 p2 32 5 34 5 16 4 27 5 31 3 29 3 30
74 142 p5 30 5 18 1 21
75 143 p4 20 1 30 5 32 2 25 3 24 1 28 1 17 5 19
75 144 p5 33 2 23 1 22 4 33 3 22 4 26
75 145 p3 20 2 32 3 30 1 31
76 146 p1 24 1 22 3 33 1 16 1 26 4 27 4 34 5 23
77 147 p2 28 2 19 5 32 3 23 4 31 3 21 2 19 5 24 4 20
78 148 p3 31 1 32 4 28 2 32 1 23 3 34 2 29 4 18 4 29
78 149 p3 30 3 16 1 22 2 22 4 26 4 32 3 19
78 150 p1 30 4 27 2 32 2 25 2 27 3 28 2 17
79 151 p2 23 1 20 4 32 4 33 4 22 1 21 1 21 3 27
79 152 p3 25 3 29 2 24
79 153 p4 19 5 18 4 18 5 20
80 154 p3 25 5 23 2 20 5 16
80 155 p5 24 1 23 4 17 1 34 4 32 1 18
80 156 p4 30 4 32 1 20 3 20
81 157 p4 24 2 21 2 26 3 28 5 33 1 24 5 16
82 158 p5 27 3 29 2 33 2 26 5 32 2 25
83 159 p3 20 1 22 5 20 5 18 3 20 2 32 3 23
83 160 p4 32 3 16 3 31 5 29 5 20 4 20 3 18 4 26 4 18
83 161 p1 22 4 22 1 30 1 21 1 25 4 24 2 30
84 162 p1 24 1 34 3 32 5 19 3 32 4 17 5 30 2 33 1 19
84 163 p5 33 2 20 1 17 1 34 4 29 2 21 4 26
85 164 p2 20 4 24 4 31 2 28 2 17
85 165 p2 25 1 21 5 25 5 27 3 28 5 19 5 22
85 166 p1 27 2 16 4 22
86 167 p4 32 2 26 4 17 5 17 5 22
87 168 p4 27 5 25 3 24 2 31 1 28 4 32
87 169 p5 18 3 23 4 32 3 16 3 16 5 33 5 30 5 25 3 33
88 170 p4 26 4 26 5 21 4 21 1 21 3 28
88 171 p3 34 5 30 3 23 4 28
88 172 p3 25 5 25 1 30
89 173 p1 22 2 16 2 22 5 25 2 34 4 33 2 24
90 174 p3 25 2 22 2 32 3 34 1 29 2 33 2 26 1 27 4 31
90 175 p4 21 5 34 1 22
90 176 p2 27 3 27 2 25
91 177 p4 23 5 17 1 22 2 33 4 28 1 27 3 22
91 178 p5 31 1 30 4 23 2 22 4 18 2 25
91 179 p5 16 1 24 5 29 2 18 4 33
92 180 p3 31 1 18 1 16 3 22 1 28
92 181 p3 18 4 22 2 30 4 31 4 18 3 34 1 25 1 29 3 27
92 182 p4 31 2 23 5 16 1 33 4 27 3 28 5 27 5 30 3 32
93 183 p3 28 1 28 3 23 4 25 2 20 1 32 3 28 4 19 2 24
94 184 p3 16 5 17 1 31 2 19 1 25 4 21 1 25 1 27 1 26
94 185 p4 28 1 26 5 18 4 16 5 19 5 19 5 33 1 20
94 186 p3 20 4 25 4 26 4 28 1 27 3 33 2 19 4 31 5 33
95 187 p3 33 4 22 2 28 5 33 1 18 4 18 5 21 4 31
95 188 p4 32 1 28 4 26 2 31 2 33 1 18 2 30 5 19
96 189 p5 17 1 16 2 34 3 23 5 21 1 28 1 16 5 20
96 190 p1 20 5 31 5 29 5 25 5 18 4 27
97 191 p5 27 1 17 5 16 2 24 4 29 3 22 1 20
97 192 p2 32 4 17 4 18 2 17 4 29 5 20 3 34
98 193 p1 34 3 29 4 30 2 21 4 17 5 33 5 18 1 26
99 194 p5 30 5 33 4 19 5 27 1 21 3 20 3 32
100 195 p2 19 1 30 5 31 2 25 4 24
101 196 p1 28 3 28 5 18 4 22
101 197 p4 27 1 27 5 19 5 27 3 31 5 20 3 26 3 26 4 20
102 198 p1 27 3 28 2 22 3 16 2 26 5 30 4 31
103 199 p2 18 5 19 2 21 2 31
103 200 p2 29 1 31 5 21 4 24 1 23 4 34
103 201 p2 26 2 27 3 27
104 202 p4 30 2 16 4 16 5 27 3 24 3 24 1 29 4 19
104 203 p1 31 3 29 3 29 2 33 2 18 5 26 4 32 5 30 2 26
104 204 p2 22 4 32 4 25 3 28 3 33 4 17 4 32
105 205 p5 33 2 31 2 18 4 19 2 32 1 17 2 27 1 31 1 30
105 206 p5 26 2 22 2 16 4 28
105 207 p5 23 3 26 1 20 1 25 5 20 1 32 5 23 1 20
106 208 p2 25 2 19 4 30 5 26 2 17 2 22 2 16
107 209 p2 30 5 31 3 21 3 18 2 26 1 31 2 19 3 21
107 210 p5 19 5 18 1 27 1 32 4 29 2 19
108 211 p1 17 1 21 3 19 2 32 4 24 1 20 2 25
108 212 p2 30 5 22 3 25
109 213 p5 29 1 31 4 21 1 26 2 29 1 32 3 22
109 214 p5 30 2 34 1 22 2 31
109 215 p1 34 1 25 4 21 5 28 2 21 2 30 3 29 3 34
110 216 p5 33 3 27 4 24
110 217 p3 21 4 28 5 28 4 31 5 18 4 22 3 25 4 24 3 25
110 218 p4 26 5 32 5 21 4 30 4 30
111 219 p3 26 1 32 2 19 1 21
112 220 p4 17 1 24 5 23 1 28 3 27 4 32
112 221 p2 21 5 34 5 21 2 16 3 22
112 222 p1 34 3 22 3 25 1 30 5 33
113 223 p1 20 4 16 4 28 1 30 1 24 3 32 5 19 1 22
113 224 p2 22 1 28 3 27 2 21 2 16
113 225 p4 32 2 32 5 16 5 27 4 24
114 226 p4 23 4 33 1 16 3 21 2 34 2 30 3 24
115 227 p4 16 2 20 1 23 5 29 2 27 3 22 4 32 5 20
116 228 p1 24 5 28 3 21 5 25 5 17 4 28
116 229 p2 28 2 29 3 32 1 23 2 34 2 21 5 24 3 28
117 230 p3 21 1 27 3 32 1 29 3 24 5 22
117 231 p1 34 4 34 5 30 5 25 3 25 1 17 4 23
118 232 p2 28 3 32 2 18 3 16 2 23 2 31 5 33 1 26 1 29
118 233 p2 17 4 27 5 24
119 234 p1 24 4 27 3 27
119 235 p5 29 3 33 2 16
119 236 p3 20 2 20 1 25
120 237 p1 16 3 16 1 18 4 16 5 25 3 23
120 238 p3 34 4 16 4 21 4 27 3 27 1 28 4 24 1 16 4 27
121 239 p1 22 5 23 2 29 4 17 1 21 3 31 3 22 5 23 3 32
121 240 p5 17 1 24 1 19 2 18 4 23 4 22
122 241 p2 32 1 29 3 32 1 20 4 20 1 23
123 242 p5 17 4 33 3 33 2 16
123 243 p4 25 1 34 3 30 5 22 1 29 3 34 3 21
124 244 p5 17 4 26 4 23 5 26 2 21 1 32 2 26 5 24
124 245 p3 17 1 25 4 23 5 28 2 29
125 246 p1 22 5 16 5 31 5 25 2 32 5 16 1 20
126 247 p2 23 2 19 3 32 4 19 1 19 5 16 5 23
126 248 p3 20 2 20 2 17 2 29 1 26 3 31 1 30 1 22
126 249 p3 34 4 33 5 17 3 24 1 19 5 18 3 26
127 250 p1 16 3 27 3 25 2 31
128 251 p2 27 4 17 2 18 2 21 5 24 4 31 5 32 2 29
128 252 p3 31 1 19 1 29 4 18 3 27 5 27 1 31 3 32 4 30
129 253 p4 23 5 23 2 18 4 30
129 254 p3 33 5 17 3 19
129 255 p5 24 3 25 5 25 4 16 2 24 5 33 1 27 5 32 5 31
130 256 p4 31 1 24 5 18 4 18 4 34 5 34
130 257 p4 31 5 33 2 32 3 22 3 25 4 28
131 258 p5 21 5 26 4 25
131 259 p3 21 2 29 5 27 1 22 5 29 5 31
131 260 p4 24 1 21 1 22 2 19 4 19 1 22
132 261 p1 19 3 22 3 21
132 262 p1 29 3 25 5 16 3 24 2 21 4 33 4 32
132 263 p5 22 5 34 4 21 5 21 3 19 4 26 1 34 3 34
133 264 p2 28 3 16 1 21 1 34 1 28 3 34 3 32
133 265 p2 34 1 30 2 26 1 22 1 32 5 25 4 23
133 266 p1 21 5 31 5 28 5 27 3 29 2 34 2 18 3 29 2 28
134 267 p4 29 1 30 3 18 1 21
135 268 p4 24 2 30 4 17 5 24 2 34 4 29 4 29
135 269 p5 21 4 33 3 17 3 18 2 23 5 24 2 26
136 270 p4 30 5 17 1 23 1 32 5 27 3 23 4 24 1 28 4 18
136 271 p3 18 1 34 5 32 4 31 5 16 3 23 5 28 3 19
137 272 p3 21 3 21 2 34 2 17 2 34 4 16 5 26
137 273 p1 24 3 21 4 29 1 21 1 17
138 274 p3 19 5 21 3 28
139 275 p4 28 3 23 2 16
139 276 p2 29 5 26 3 32 2 21
140 277 p4 30 2 16 2 25
140 278 p5 16 5 17 5 25 2 22 1 25 5 33 5 28 2 26 3 21
141 279 p5 26 4 33 4 25 4 27
141 280 p3 33 3 17 1 34 5 29 5 17 1 22 4 23 3 32 4 20
141 281 p3 34 3 21 1 28 4 24 3 29 5 27
142 282 p4 21 1 27 5 16 4 29 1 25 1 24
143 283 p3 17 2 31 3 17 2 23 2 27 2 30 1 34 1 20 4 22
143 284 p3 27 5 16 1 17 3 31 3 32 4 27 2 33 2 31 5 25
144 285 p4 29 1 21 4 25 2 31
144 286 p3 32 5 18 5 19 1 24 1 31 4 30
144 287 p3 19 2 31 2 32 4 34
145 288 p4 31 1 27 2 29 4 25 3 31 3 16 5 30 2 24 4 29
145 289 p5 28 2 31 2 30 1 34
146 290 p1 30 5 30 2 32 2 22 3 32 4 22 2 32
146 291 p5 25 2 29 4 27 2 21 4 33
147 292 p2 26 2 17 4 19 2 31 5 19 4 18 3 24
148 293 p1 31 5 26 4 33 3 18 3 22 5 30 1 24 1 19 3 31
149 294 p5 34 5 28 3 24 2 32 1 22 2 32 4 18 5 21
149 295 p2 18 1 18 4 19 3 33 3 26 3 26
149 296 p1 32 3 33 3 33 1 19
150 297 p4 29 1 29 5 34 2 17 3 23 4 25 1 31
150 298 p1 31 1 21 5 17 2 32
150 299 p2 27 3 23 1 26 2 29
151 300 p2 23 2 31 1 31 5 20 2 29 5 34 5 30 3 19
151 301 p2 33 3 32 2 34 3 30 1 22
152 302 p4 17 4 21 4 20 1 32 3 29 5 20 1 33 5 16
152 303 p1 23 5 23 2 29 1 27
153 304 p2 34 4 30 5 29 5 23
153 305 p5 33 5 23 2 18 1 30 5 30 3 24 5 28 1 29 4 31
153 306 p5 24 5 34 1 29 3 27
154 307 p5 20 1 33 2 25
155 308 p2 18 1 19 3 31 3 21 3 28
155 309 p2 20 2 22 2 18 3 29 3 25 4 17 3 16
156 310 p5 33 3 23 1 18 2 32 2 28 5 23 2 21 3 16 1 16
156 311 p1 19 2 34 2 27
156 312 p2 18 1 30 1 34 4 31 4 19 5 19
157 313 p5 23 3 28 3 23 2 17
157 314 p5 24 2 32 5 32 4 34
158 315 p1 31 3 29 3 32 4 21 4 31
159 316 p5 20 3 33 2 34 2 29
159 317 p3 25 3 27 1 18 2 18 4 30 1 22
160 318 p4 34 2 30 5 29 3 28 1 22
161 319 p3 22 4 32 1 22 1 21 1 24 4 29 1 30 5 28
161 320 p4 16 2 24 4 20 3 21 3 26 4 20 5 22 2 27
161 321 p2 20 5 34 4 34 1 24 1 31 1 18
162 322 p1 33 2 30 3 24
163 323 p1 24 5 29 3 28 4 33 2 18 3 20 1 20
164 324 p2 28 3 23 2 31 4 26 3 27 4 28 4 26 2 28
164 325 p4 25 2 31 5 27 5 22 1 27 5 29 4 31 4 21 2 29
165 326 p4 31 2 29 5 17 4 33 3 30 1 23
165 327 p4 28 3 25 3 31 4 34 3 17
165 328 p1 21 5 31 4 33
166 329 p2 19 5 22 4 25 4 22 5 18 4 30 1 19
167 330 p3 16 1 32 4 22 3 30 4 21
167 331 p1 20 4 29 2 30
168 332 p2 17 2 29 5 22 4 20
168 333 p2 24 2 21 3 26 1 23
169 334 p1 22 2 19 1 34
170 335 p5 17 4 18 4 21
170 336 p3 25 4 32 1 34 1 21 3 18
171 337 p1 21 1 19 3 20 4 32 3 17 2 22
171 338 p3 33 5 17 3 24
172 339 p1 18 3 18 1 23 3 17 3 34 1 16 4 33 5 28 2 30
173 340 p5 23 4 34 1 18 4 26 1 19 2 19 5 27
173 341 p2 19 2 24 3 22 4 29 1 23 4 33 4 28 5 29
173 342 p5 20 4 29 2 27 4 30 5 23 1 18 5 30 4 17
174 343 p4 26 4 27 4 32 2 16
174 344 p5 29 1 34 5 24 4 20 4 25
174 345 p3 16 1 24 2 29 5 16 1 23 4 24 5 22 4 25 5 22
175 346 p1 23 5 21 5 28
176 347 p2 31 4 22 1 16 2 22
176 348 p3 32 1 29 5 17 3 28 4 25 5 17 4 23 2 33
177 349 p3 16 4 17 2 33 1 20 1 20
177 350 p1 26 1 32 1 29 1 30 4 34 2 18
177 351 p2 21 4 16 2 34 1 23 5 30 1 16 2 21 3 19
178 352 p3 17 5 17 5 18 1 18 1 25 2 33 5 30 3 17 5 26
179 353 p4 17 4 26 2 29 1 19
180 354 p3 33 2 20 1 26 4 17 2 25 5 32
180 355 p5 19 4 30 2 18 1 30 5 28 5 19
181 356 p4 28 3 19 4 24 4 22 1 31 5 33 4 16 4 22
181 357 p4 21 1 29 3 18 3 33
181 358 p5 21 4 27 2 23
182 359 p3 29 3 32 3 24 1 26 3 34 2 20 4 16
182 360 p4 27 5 27 4 34 1 17 5 16 2 27 2 24
183 361 p1 32 2 30 1 19 1 16 4 18 1 19 4 16 2 20
183 362 p1 25 4 18 1 33 1 24 3 25 4 31 2 19 3 21
183 363 p5 30 2 24 1 21 3 23 2 27 5 19
184 364 p2 27 1 34 2 19
184 365 p2 20 1 25 5 33 2 16 3 18 1 32 5 30 5 16
185 366 p1 32 5 34 2 33 5 16 2 20
185 367 p4 18 5 28 4 18 3 27 4 27 1 32 2 19 4 16 3 28
186 368 p4 17 1 25 5 17
186 369 p5 24 2 29 2 17 5 26
187 370 p4 22 3 23 5 17 1 19 1 20 5 32 5 33 1 24 1 19
187 371 p3 34 3 29 3 28 5 31 4 29 5 16 5 18 4 20
188 372 p3 30 3 30 4 26 5 18 1 22 2 24 2 22 4 24
189 373 p1 32 3 20 4 17
190 374 p3 16 1 28 4 34 1 22 2 23
191 375 p4 33 5 28 4 19 4 23 1 33 5 20 1 17 3 33 4 16
191 376 p2 30 1 16 2 20 4 16 1 20 1 23 2 16 5 33 2 22
192 377 p4 20 5 33 4 30 3 26 4 20 1 18 1 24 5 16 1 26
193 378 p5 34 5 34 5 19 1 18 3 27
193 379 p5 26 5 23 1 20 4 24
194 380 p3 29 1 27 4 20 4 23
194 381 p3 33 5 29 2 19 4 26 3 17 2 22 2 19 1 29
194 382 p4 24 1 26 1 29 4 24 4 34
195 383 p3 25 1 28 2 21 2 30 4 16 1 28 5 24
195 384 p3 22 3 25 3 32 3 24 3 30 2 33
195 385 p4 21 1 20 3 24 2 34 4 33
196 386 p3 26 1 25 3 21 3 25 4 18 5 21 5 31 1 32
196 387 p3 25 3 30 4 31 5 27 2 34 2 27
196 388 p4 24 2 28 4 22 5 24 5 17 5 28 4 24 1 33 4 33
197 389 p5 34 2 20 5 26 5 31 3 27 1 31
197 390 p1 23 3 31 3 23 5 33 3 28 5 31 4 18
198 391 p5 23 3 28 2 28 4 34 3 30 3 23 4 16 4 27 2 24
199 392 p2 26 5 34 5 18 4 19 4 20 5 16
199 393 p1 31 3 24 2 20 3 30 4 19 4 26 3 16 2 34
200 394 p5 32 2 18 5 33 5 31 1 18 4 31 3 33
200 395 p2 25 5 24 2 28 1 24 2 19 4 34 3 32 5 34 1 21
201 396 p1 29 1 17 4 33 3 31 3 23 4 32 2 21
201 397 p4 32 1 23 2 23
201 398 p1 34 2 23 5 20 2 18
202 399 p2 25 1 21 5 19 2 27
202 400 p2 19 2 25 2 26
203 401 p2 23 4 27 1 25 1 16 2 27 5 26 2 23 5 34
204 402 p4 16 4 19 2 22 3 27 5 32 1 19 3 30
204 403 p1 25 1 25 1 31 2 18 2 25 5 29 2 16 3 16
205 404 p2 32 5 28 2 29 1 33 3 22 3 24 3 23
206 405 p5 24 1 16 2 17 4 26 5 17
206 406 p5 32 1 21 2 21 4 19 1 19 2 30 2 20 2 18 5 34
206 407 p5 28 3 22 4 29 4 33 3 24 3 23 4 30 1 31 5 19
207 408 p2 29 2 17 2 18 3 19 4 18 1 31 4 33 4 27
207 409 p2 17 1 16 3 17 3 16 4 32
208 410 p5 30 2 34 2 34 5 30 1 31 5 19
209 411 p1 34 3 19 3 29 5 32
209 412 p2 17 4 17 1 29 1 31 1 30 3 34 1 23 1 17 3 21
209 413 p5 23 1 33 4 27 4 19 4 26 2 25 1 26 4 17 5 27
210 414 p5 25 3 21 5 28 2 23 1 22
211 415 p1 28 3 25 2 33 3 28 3 16
212 416 p5 23 5 18 2 19 2 34
212 417 p3 18 4 18 4 22 3 19
213 418 p4 24 4 26 4 20 1 32 2 27
213 419 p3 16 4 23 3 22 4 27 4 24 1 33
214 420 p4 33 2 24 3 21 5 21 4 17
215 421 p2 28 3 22 2 20 2 24 5 30 2 28
216 422 p1 17 1 19 5 16 3 32 1 25 3 23 2 17 4 25 4 34
216 423 p1 21 1 17 5 22 2 24 4 28
216 424 p2 17 1 21 3 24 2 32 3 28 5 31 1 30 3 27 4 27
217 425 p4 28 1 16 3 19 3 24 3 16
217 426 p4 23 5 27 5 20
218 427 p4 26 5 27 5 28 2 23 4 25 5 16 3 18 3 19
219 428 p1 33 2 32 4 21 1 32 5 17 2 26
219 429 p2 16 4 19 4 22 2 20 5 21 2 32 5 33 4 28 1 24
219 430 p3 30 4 21 1 26 3 18 1 18 3 25 3 22 3 28
220 431 p1 30 2 20 4 26 3 25 3 27 4 20 4 20 3 22
220 432 p2 33 5 30 3 29 3 33 4 32 4 23 2 17
220 433 p2 16 2 28 2 30 4 31 4 27 4 17 4 29 5 22 1 26
221 434 p1 25 2 30 1 20 5 31 5 26 5 20 1 33 1 22
222 435 p5 27 1 20 5 26 1 18 2 18
222 436 p3 28 1 33 1 17 3 22
222 437 p1 26 5 24 1 20 3 26 5 21
223 438 p3 16 5 17 2 23 4 20 1 32 2 28 2 22 4 31 1 28
223 439 p1 20 4 17 3 19
223 440 p5 29 1 25 1 27 1 24 2 33 3 20 4 16 4 19 4 30
224 441 p2 25 5 25 3 18 3 28 2 21 4 30 5 30
224 442 p5 29 3 24 2 30
224 443 p4 17 2 33 2 29 3 24 5 28 3 33 3 28 3 22
225 444 p5 18 3 27 1 20 2 31 3 29 1 30 2 21
226 445 p3 32 1 34 2 29 2 21 2 20 4 24 4 27
226 446 p1 24 3 20 2 23 5 28
227 447 p2 24 3 28 2 19 1 27 4 28 5 16 2 31 2 31 1 18
228 448 p3 32 1 24 5 19 1 29 4 17 2 29 5 16
228 449 p3 33 4 26 1 17 3 28
228 450 p1 33 2 25 3 32 1 27 3 32 1 33
229 451 p2 30 5 28 1 34 3 17 4 22 4 23 5 22 3 18 3 20
229 452 p3 24 2 16 4 21 5 20 3 27 4 23 4 34 4 29
230 453 p4 32 1 31 5 31 3 22 4 23
230 454 p3 28 1 24 4 32 3 16 5 25
231 455 p5 17 1 33 1 29 3 32 4 32 1 17
231 456 p4 20 2 26 2 34 1 24 2 28 4 26 2 17 2 34
231 457 p4 20 1 29 5 27 1 22 1 21 5 27
232 458 p5 33 3 23 1 19 2 30 1 25 3 29 1 30 2 27
233 459 p3 19 1 25 1 26
233 460 p4 23 2 30 4 22 5 29 4 20 2 29 4 31
233 461 p1 22 1 16 3 32 1 32
234 462 p1 20 5 22 4 34
234 463 p5 20 5 34 4 25 3 26 3 20 3 25 3 18
234 464 p2 16 3 16 2 23
235 465 p2 25 2 24 3 16 5 25 1 27
235 466 p1 24 2 22 3 30 3 16 2 34 4 18 1 17 2 27 4 30
236 467 p4 24 2 28 3 21 3 31 1 32 2 22 3 26 5 17 1 33
236 468 p4 16 2 16 1 32
236 469 p5 29 3 28 2 32 3 24 5 26 3 18
237 470 p4 16 1 21 2 24
238 471 p3 21 1 26 1 24 3 18
239 472 p3 21 4 27 5 34 1 23 3 24 3 33
240 473 p1 18 2 33 1 33
240 474 p3 27 5 31 4 17
241 475 p4 16 2 17 5 26 2 28 4 17 5 20 2 27
241 476 p2 18 2 28 3 17 3 16 3 29 3 16 1 29 5 34
241 477 p4 20 5 19 2 29 5 26 5 33 2 21
242 478 p5 20 4 30 3 31 4 27 5 25 5 26 1 26 4 26
243 479 p5 17 3 26 3 17
244 480 p3 33 5 23 5 27 4 30 4 27 4 34 3 20 4 25
244 481 p3 34 5 30 2 25 4 28 1 34 4 24
244 482 p4 22 3 25 2 21 3 17
245 483 p3 27 3 18 5 24 1 25 5 16
245 484 p3 34 3 24 2 27 2 16 1 33 4 20 5 28 1 19
245 485 p4 33 4 22 5 33 1 33 2 16 2 22 1 18 3 34
246 486 p3 27 5 17 1 25 2 17 1 19 4 20 3 20 3 26
247 487 p3 23 2 26 1 30 5 24
247 488 p4 34 1 20 3 20 1 27 5 16 5 34
247 489 p5 24 3 23 5 27 5 20 2 21
248 490 p1 34 1 21 5 33 4 19 5 27
248 491 p5 27 4 25 4 33 4 24 2 31 4 23
249 492 p2 29 1 21 5 33 1 26 1 29
250 493 p1 25 3 24 5 31 5 24 5 30 4 32
250 494 p5 29 5 21 2 25 5 31 4 18 3 30 1 26 5 19
251 495 p2 24 4 24 2 19 4 23 4 33 5 18 3 26 2 21
251 496 p1 18 3 17 5 20 5 31 3 16 2 19 4 24 2 31
252 497 p4 25 1 24 3 18 3 27 3 28 1 21
252 498 p1 20 1 27 5 23 2 29 5 23 1 26 5 16 5 24 1 24
252 499 p2 32 4 28 5 23 3 16
253 500 p2 18 1 34 1 22 3 26 4 18