0 0 p2 10 36 15 32 15 36 15 31 11 36 11 28 10 35 10
0 1 p3 10 38 14 35 13 31 10 39 12 25 15 30 13 27 10 28 15
1 2 p5 10 32 13 30 15 29 10 30 11 29 11 28 13 33 14 28 14 38 11 24 15 35 15
2 3 p4 12 36 15 37 14 33 14 32 13 29 12 39 10 29 10
3 4 p2 12 31 13 24 12 31 13 39 14 24 13 39 12 32 10 30 14 30 11
3 5 p3 14 24 10 29 10 37 12 32 14 36 14 33 10 35 11 25 11 31 15
4 6 p2 13 26 12 26 15 27 13 34 12 31 15 33 13 35 12
4 7 p5 11 31 10 30 11 24 13 25 12 37 15 38 12 27 15
4 8 p3 12 30 11 34 10 32 12 29 14 28 14 37 14 32 14 37 14
5 9 p2 14 31 11 31 14 25 15 37 14 31 13 24 11 33 12 27 14 31 15 39 10 31 10
5 10 p3 11 38 10 36 13 35 10 35 12 25 15 34 14 39 11
5 11 p5 12 24 11 30 15 30 10 27 14 37 14 28 11 38 11
6 12 p1 14 35 15 35 14 27 11 33 11 34 13 30 13 39 11 36 11
6 13 p5 15 27 13 32 10 33 12 32 14 34 15 28 12 34 12 25 12
7 14 p2 15 29 15 32 14 27 15 27 14 28 14 32 15 30 12 39 11
7 15 p2 10 38 11 38 10 37 11 37 10 39 12 39 15 35 11 36 11 30 12 33 11
8 16 p4 10 32 14 30 12 27 10 28 14 24 11 36 10 31 13 29 13 32 10
9 17 p3 15 32 15 37 10 38 10 30 11 32 10 24 12 24 10 28 11
9 18 p3 14 34 15 37 10 38 12 25 14 33 11 24 13 26 10 27 11 25 10 24 11
10 19 p5 13 26 12 27 12 26 11 37 11 24 13 28 13 31 15 28 14 25 13
10 20 p5 14 24 15 34 12 33 12 24 11 31 12 37 11 37 10 27 15
10 21 p5 15 30 14 36 10 33 13 36 15 32 14 30 13 32 13
11 22 p4 10 39 11 31 10 32 13 31 12 38 15 26 11 26 11 38 10 39 13 33 11
11 23 p4 11 28 10 38 13 28 13 37 13 26 11 37 15 28 11 24 15 35 13 26 14
11 24 p5 15 30 14 35 12 29 14 38 10 32 15 30 10 36 10 39 11 33 11 32 12
12 25 p2 11 37 11 24 15 26 14 38 12 27 10 34 11 29 10
12 26 p2 13 34 12 34 10 30 10 34 14 37 14 30 10 33 10 33 13 33 15
13 27 p4 13 34 14 39 11 27 13 24 15 39 13 37 15 25 12 35 15 32 14 27 10
13 28 p3 15 34 13 35 11 32 11 32 15 38 10 26 15 26 13 26 15 28 12
14 29 p4 14 28 15 37 12 37 14 33 11 27 14 34 11 26 11
14 30 p3 15 33 15 30 11 37 10 30 12 28 11 28 13 33 13 26 12
14 31 p2 15 34 14 24 12 26 13 27 15 31 14 38 11 27 14 28 10
15 32 p2 11 27 15 35 15 38 10 29 11 27 10 24 11 28 11 38 14 34 12 38 11
15 33 p5 13 24 13 36 14 32 10 36 10 37 13 30 14 28 11
16 34 p5 12 29 15 29 13 24 12 35 15 33 11 38 11 28 14 39 15 28 11
16 35 p4 13 30 10 24 13 26 10 35 14 32 10 27 10 27 11 33 13 33 10 29 10 39 10
16 36 p3 14 28 10 29 14 31 11 30 12 39 12 28 10 29 10 39 12
17 37 p5 15 34 11 30 14 37 10 26 10 34 12 39 15 36 15
18 38 p5 15 32 11 24 10 27 15 39 14 24 13 27 14 29 11 36 11 29 12 31 15 26 14
19 39 p5 15 26 13 37 12 29 12 25 15 27 14 26 13 27 11 36 10 32 10
20 40 p4 11 34 11 31 12 33 10 36 10 25 15 28 15 25 13 26 15 25 10 24 13 24 12
21 41 p3 10 24 12 34 14 27 12 39 12 39 15 35 11 36 13 25 12 31 10
22 42 p4 10 35 11 33 14 30 14 28 12 34 15 38 12 38 10 25 11
23 43 p5 12 37 11 34 13 31 12 29 13 34 10 28 13 25 10
24 44 p3 14 24 11 29 14 31 14 39 12 26 11 33 15 35 14 29 15 26 15
24 45 p1 15 37 14 39 12 24 10 37 13 26 13 33 14 24 14 36 15 31 15 28 11
24 46 p4 13 28 11 29 13 32 12 33 10 25 13 31 12 33 10 30 10 33 10 27 10 29 13
25 47 p3 13 33 12 38 12 31 13 24 11 35 12 25 15 31 15 39 12
25 48 p5 10 25 10 33 11 29 14 31 13 35 11 29 13 33 13
26 49 p5 15 28 12 36 13 25 11 37 14 36 15 38 13 34 13 39 10 36 12
27 50 p3 14 31 14 31 14 38 11 25 15 33 11 39 10 28 11 37 11
27 51 p5 15 26 15 26 15 32 12 34 10 35 11 24 11 27 10 36 10 37 11
27 52 p5 14 33 14 38 12 24 13 27 15 37 11 32 11 24 13 38 12 26 11 26 11 24 12
28 53 p5 15 33 10 37 11 37 12 37 13 33 12 32 11 26 14
28 54 p1 14 27 11 29 11 28 12 29 11 37 13 28 10 32 11 34 10 32 15 33 11 33 15
29 55 p1 11 31 13 32 14 31 15 25 14 39 12 31 14 29 15 30 15
30 56 p5 12 37 15 34 11 24 14 31 11 36 13 37 14 31 11 35 10
30 57 p2 14 39 12 33 14 24 11 39 10 29 10 31 11 30 15
31 58 p4 15 33 13 25 14 31 11 29 15 39 14 39 15 24 14 38 14 34 15 36 12
31 59 p4 14 26 11 31 12 36 15 37 10 29 12 36 15 33 15 25 10 28 14 35 14 34 14
32 60 p5 11 31 13 29 13 24 14 39 14 31 11 38 14 35 12 27 10
32 61 p3 12 36 11 38 15 26 14 33 10 35 11 35 15 29 13
33 62 p4 11 27 15 24 14 27 15 24 10 25 10 26 12 32 13 39 14 24 12 27 15 38 14
34 63 p4 14 32 10 26 10 32 10 31 10 28 11 34 15 27 13
35 64 p5 15 29 12 37 13 28 10 36 12 33 11 32 14 29 12 29 14 24 15 31 10
36 65 p4 13 26 11 32 13 24 13 39 11 38 13 36 13 38 11 26 11 37 10 27 10
37 66 p5 12 39 11 24 11 24 10 38 15 24 14 32 10 27 11 37 10 29 11
38 67 p5 14 36 14 25 15 34 11 30 15 24 14 24 11 35 10 24 14 35 12
39 68 p3 10 38 10 31 11 34 13 27 11 30 13 24 15 38 11 38 12 34 14 28 14
39 69 p3 13 30 10 38 13 37 11 38 10 33 12 36 12 31 15 29 11 34 10 28 12 32 12
39 70 p2 15 36 10 24 12 27 11 36 13 37 14 25 10 24 13 30 13 26 11 37 11
40 71 p5 10 32 11 33 12 34 14 29 14 37 11 34 14 32 12 36 11
40 72 p4 11 34 14 39 14 35 14 38 13 39 14 37 10 38 15 33 11 25 14 32 10 27 12
40 73 p1 11 32 12 26 13 34 11 39 10 35 10 25 12 32 15 28 11 26 14
41 74 p5 15 29 11 38 10 30 15 28 15 30 10 32 14 35 14 27 11 32 10 38 13
41 75 p4 12 30 14 39 13 29 11 35 11 24 14 35 11 27 12 31 13 29 14
41 76 p1 10 32 11 39 13 34 11 36 12 29 10 28 13 39 15 32 10 38 11 36 12
42 77 p5 13 25 14 35 12 31 15 24 10 37 15 33 10 33 14 27 11 34 15 33 14 38 12
42 78 p4 10 27 12 26 10 32 15 37 10 32 13 35 10 28 14 25 10 27 10 28 12
43 79 p3 12 25 15 29 14 36 10 24 12 35 13 38 14 30 14 37 13 27 12
43 80 p4 15 39 13 29 11 33 11 30 11 28 10 32 15 36 11 28 14 32 12
44 81 p5 14 24 13 24 10 32 13 25 12 33 14 35 15 37 13 38 14
44 82 p1 14 37 12 35 13 33 12 34 11 29 11 35 15 36 13 33 12
45 83 p4 12 32 14 27 12 33 10 28 14 24 13 38 15 31 12 36 12 30 14 35 15
46 84 p4 14 27 12 24 13 38 10 26 14 37 15 29 12 32 15 39 12 25 11 38 15 25 10
46 85 p4 15 29 10 35 15 29 13 25 14 38 14 31 10 36 10 29 15 30 14 31 15 37 12
46 86 p2 11 34 14 38 10 38 15 29 13 32 13 28 15 28 11
47 87 p5 12 27 12 25 15 39 15 25 10 34 10 24 12 36 15 37 15 24 15
48 88 p5 10 33 11 26 10 36 12 35 15 31 14 38 15 30 10
49 89 p5 14 38 15 30 10 31 11 24 12 38 10 29 15 33 12 38 11 36 13
49 90 p5 14 38 14 28 15 39 15 27 11 27 15 36 12 29 15 38 12 35 10
49 91 p5 13 38 13 28 14 34 15 24 11 39 15 37 10 36 14
50 92 p5 11 27 14 31 14 35 13 28 12 35 13 34 14 30 14
50 93 p4 11 26 13 35 13 28 13 34 11 32 12 27 13 28 11 30 11 39 12
50 94 p2 14 24 15 35 11 24 13 32 11 38 14 34 12 38 10 34 12 36 13 36 11 29 10
51 95 p2 13 29 12 31 12 38 14 27 10 32 12 35 11 28 15 39 13 27 13 32 15 34 13
51 96 p4 15 33 12 32 12 33 15 25 15 32 15 38 14 24 12 24 13 29 10 33 10
51 97 p4 12 24 14 37 15 24 15 39 11 31 13 37 14 31 15 27 14 39 11 27 14 39 14
52 98 p3 12 31 10 26 11 35 11 34 14 38 12 31 10 38 11 30 13
52 99 p5 14 25 13 39 11 38 13 35 13 30 10 35 12 24 14 32 11