0 0 p2 23 2 17 3 17 4 34 4 24 1 27
0 1 p2 18 4 18 5 27 2 31 3 26 3 27 2 16 5 26
1 2 p4 34 2 16 5 20 5 32 4 24 2 33 4 24 4 25
2 3 p1 33 1 29 1 20
2 4 p2 24 5 25 3 32 2 33 4 19 4 32 4 24 3 29 4 34
2 5 p5 24 2 21 1 30
3 6 p5 33 4 29 2 27 2 17 5 26 3 30 5 31
3 7 p5 31 1 18 3 25 4 30 3 32 5 26 4 19 5 33
3 8 p2 20 5 25 2 33 1 16 5 17 2 25 3 30 3 33
4 9 p2 31 1 34 3 23 1 19 1 26 3 17 1 19 1 31 5 30
4 10 p5 25 5 30 5 26
5 11 p1 32 1 18 3 33 1 31 5 21
6 12 p2 18 3 22 1 22 5 31 2 23 4 33 5 21 1 17 3 27
6 13 p5 33 2 25 1 19 3 21
7 14 p5 32 4 25 2 28 5 29
7 15 p1 27 5 30 1 33 4 33 4 28 1 33 2 19 2 26
7 16 p5 17 4 17 1 30 3 30 3 17 1 23 1 33 4 29
8 17 p3 22 1 25 2 22
9 18 p4 27 5 21 4 24
9 19 p3 17 4 18 2 21 4 34 5 23 2 16 2 22 3 16
9 20 p4 26 4 21 2 26 4 20
10 21 p2 25 3 29 5 31 2 25 4 16 2 23 2 27 5 32
11 22 p1 22 5 16 3 23
12 23 p1 29 4 20 2 21 1 28 3 26 5 27 1 29 2 17
12 24 p2 22 4 33 3 19
13 25 p4 16 3 28 4 18
13 26 p4 32 5 26 1 32 4 34 1 33 4 17
13 27 p4 17 1 27 3 25 1 17 1 24
14 28 p1 16 5 23 2 18
14 29 p2 28 2 28 2 29 5 16 4 28 4 26
15 30 p3 16 5 24 4 29 5 30
16 31 p1 22 2 32 5 25 4 20 2 17 2 26 4 19
16 32 p2 33 5 31 4 27 3 33
16 33 p2 28 3 23 5 30
17 34 p1 23 5 25 1 32 4 16 5 34 3 21 3 18
17 35 p5 17 5 25 3 16 5 21
18 36 p3 30 4 23 1 28 3 28 2 19 4 29 4 32
18 37 p1 21 4 29 3 21
19 38 p3 28 3 32 1 24 3 18 5 18 3 23 1 16
19 39 p1 23 3 28 3 22 1 30 1 18 2 33
20 40 p5 20 5 25 5 29
20 41 p2 34 1 33 4 22 4 31 3 33
21 42 p5 18 5 22 3 30 2 31 1 33
21 43 p4 33 1 24 4 16 2 28 1 22 4 33 5 19 2 23 4 24
22 44 p5 34 3 19 5 29 4 24 2 26
22 45 p3 16 2 28 2 27 5 27 5 31
22 46 p1 20 5 18 4 26
23 47 p2 25 3 22 2 24 3 31
24 48 p3 20 4 28 3 17 2 22 1 26 5 23 3 18
24 49 p3 18 5 17 2 18 5 26 1 18 4 32
25 50 p1 18 1 19 1 16 3 34 5 17 4 27 1 16 3 22
26 51 p2 24 5 20 2 16 3 31 4 33 2 17 4 33
26 52 p3 16 4 32 5 30 5 18
27 53 p4 22 2 29 1 24 5 29 2 21 4 34 3 28 2 34 5 29
27 54 p3 29 5 16 2 30 3 29 1 30 5 21 3 18 4 26
27 55 p5 18 4 29 1 16 3 28 1 19
28 56 p4 17 3 32 4 30 5 17 1 20 2 32 4 20 2 26
28 57 p4 31 5 20 5 31 4 21 2 27 3 19 2 25 5 29 4 25
29 58 p5 29 2 21 4 22 4 26 4 32 3 16 2 26 2 33
29 59 p3 29 5 27 4 19 5 25 2 23 4 19 3 34 4 25
30 60 p4 17 1 23 4 16 1 16 2 16 5 34
30 61 p1 34 1 19 2 20 2 34
31 62 p1 20 1 20 2 28 5 18 4 16 1 19 4 28 5 30 2 31
31 63 p5 26 4 27 4 25 1 22 3 27 1 26 5 20 1 20
32 64 p2 21 3 31 4 19
32 65 p2 18 4 27 4 16 5 19 4 34
33 66 p1 32 4 20 3 21 2 24 1 33 1 21
33 67 p4 23 3 34 1 17 1 23 3 18 2 25 2 32 1 29 5 24
33 68 p4 29 5 18 3 25 2 19 2 31
34 69 p5 32 3 21 5 19 5 24 2 24 4 30 2 17 1 25 5 21
34 70 p4 17 4 28 3 22 2 23
34 71 p3 33 3 16 3 32 3 16 1 33 1 16 4 21
35 72 p3 27 5 21 1 19 3 32 1 30 2 22 2 16 2 31
36 73 p1 21 4 29 3 23 1 33
36 74 p3 34 4 17 4 22 5 32 3 34 1 20 5 32
36 75 p4 27 3 20 4 32 5 26 5 27
37 76 p2 27 3 34 1 29
37 77 p4 18 3 22 5 31 1 17 1 29 2 33 5 34 1 22 2 25
38 78 p5 18 3 32 2 25 1 31 4 34
38 79 p5 30 5 21 1 33
38 80 p3 16 3 21 5 29 1 29
39 81 p3 21 1 24 2 18 2 18 1 21 5 17 4 23 1 24
40 82 p4 16 5 32 1 20 5 31 2 19 1 28 5 25 3 27 3 30
41 83 p3 31 3 28 3 17 4 21 2 29 1 27 4 21 3 34 2 24
41 84 p3 32 3 29 1 31 1 24 1 16 4 22
42 85 p4 21 1 34 1 30 1 26 1 33 2 31 1 21
42 86 p3 27 2 21 3 28 2 18 2 25 3 30 5 32 2 30
42 87 p3 23 4 29 2 34 5 29 5 19
43 88 p4 33 2 18 5 21 2 31
43 89 p5 20 3 26 5 31 2 19 2 25 3 29
43 90 p1 29 5 31 2 23 1 26 5 34
44 91 p5 27 5 28 1 25 3 22
45 92 p2 34 2 20 2 23
46 93 p1 31 3 18 5 23 4 33 2 23 1 34 3 24 2 22 1 30
47 94 p5 22 4 29 4 25
47 95 p2 22 5 33 1 32 5 28
48 96 p1 24 2 30 4 29 5 29 4 22 3 33
49 97 p4 20 4 16 1 19 5 27
49 98 p1 26 4 30 5 26 5 26 3 27
49 99 p2 26 2 23 3 25 5 31
