0 0 p2 10 36 15 32 15 36 15 31 11 36 11 28 10 35 10
0 1 p3 10 38 14 35 13 31 10 39 12 25 15 30 13 27 10 28 15
1 2 p5 10 32 13 30 15 29 10 30 11 29 11 28 13 33 14 28 14 38 11 24 15 35 15
2 3 p4 12 36 15 37 14 33 14 32 13 29 12 39 10 29 10
3 4 p2 12 31 13 24 12 31 13 39 14 24 13 39 12 32 10 30 14 30 11
3 5 p3 14 24 10 29 10 37 12 32 14 36 14 33 10 35 11 25 11 31 15
4 6 p2 13 26 12 26 15 27 13 34 12 31 15 33 13 35 12
4 7 p5 11 31 10 30 11 24 13 25 12 37 15 38 12 27 15
4 8 p3 12 30 11 34 10 32 12 29 14 28 14 37 14 32 14 37 14
5 9 p2 14 31 11 31 14 25 15 37 14 31 13 24 11 33 12 27 14 31 15 39 10 31 10
5 10 p3 11 38 10 36 13 35 10 35 12 25 15 34 14 39 11
5 11 p5 12 24 11 30 15 30 10 27 14 37 14 28 11 38 11
6 12 p1 14 35 15 35 14 27 11 33 11 34 13 30 13 39 11 36 11
6 13 p5 15 27 13 32 10 33 12 32 14 34 15 28 12 34 12 25 12
7 14 p2 15 29 15 32 14 27 15 27 14 28 14 32 15 30 12 39 11