0 0 p2 23 2 17 3 17 4 34 4 24 1 27
0 1 p2 18 4 18 5 27 2 31 3 26 3 27 2 16 5 26
1 2 p4 34 2 16 5 20 5 32 4 24 2 33 4 24 4 25
2 3 p1 33 1 29 1 20
2 4 p2 24 5 25 3 32 2 33 4 19 4 32 4 24 3 29 4 34
2 5 p5 24 2 21 1 30
3 6 p5 33 4 29 2 27 2 17 5 26 3 30 5 31
3 7 p5 31 1 18 3 25 4 30 3 32 5 26 4 19 5 33
3 8 p2 20 5 25 2 33 1 16 5 17 2 25 3 30 3 33
4 9 p2 31 1 34 3 23 1 19 1 26 3 17 1 19 1 31 5 30
4 10 p5 25 5 30 5 26
5 11 p1 32 1 18 3 33 1 31 5 21
6 12 p2 18 3 22 1 22 5 31 2 23 4 33 5 21 1 17 3 27
6 13 p5 33 2 25 1 19 3 21
7 14 p5 32 4 25 2 28 5 29